AGE00147708, [ (1886, 128.05498281786942,255.4794520547945,)(1887, 113.0625,235.2840909090909,)(1888, 112.202216066482,235.26315789473685,)(1889, 100.53658536585365,227.95294117647057,)]
AGE00147720, [ (1888, 56.67289719626168,219.3827160493827,)(1889, 51.63548387096774,214.6372239747634,)]
ASN00044022, [ (1889, 116.39183673469388,257.2887029288703,)]
ASN00065016, [ (1880, 112.32786885245902,264.8415300546448,)(1881, 103.78904109589041,247.46849315068494,)(1882, 110.52602739726028,252.3123287671233,)(1883, 98.29752066115702,238.74520547945207,)(1884, 84.03825136612022,241.94808743169398,)(1885, 95.59943977591037,259.08813559322033,)(1886, 94.63013698630137,237.76954732510288,)(1887, 89.51506849315068,336.9032258064516,)(1888, 90.10655737704919,270.70652173913044,)(1889, 130.53698630136986,239.2986301369863,)]
ASN00094029, [ (1882, 69.81454545454545,148.36,)(1883, 88.48209366391184,170.14958448753464,)(1884, 76.4478021978022,165.17403314917127,)(1885, 75.40273972602739,163.37808219178083,)(1886, 73.71232876712328,164.13150684931506,)(1887, 77.21095890410959,170.52328767123288,)(1888, 71.76923076923077,167.4010989010989,)(1889, 79.87671232876713,169.33698630136988,)]
AU000005901, [ (1880, 57.12841530054645,138.99180327868854,)(1881, 47.9013698630137,122.95068493150686,)(1882, 61.057534246575344,142.06575342465754,)(1883, 54.24109589041096,128.27671232876713,)(1884, 56.595628415300546,135.52732240437157,)(1885, 54.057534246575344,136.6931506849315,)(1886, 55.74794520547945,133.94794520547944,)(1887, 49.16712328767123,124.81369863013698,)(1888, 45.44535519125683,121.6775956284153,)(1889, 52.18630136986302,123.26301369863013,)]
AU000006306, [ (1880, 45.47540983606557,131.1830601092896,)(1881, 38.41917808219178,123.01917808219179,)(1882, 43.95616438356164,131.42465753424656,)(1883, 39.88767123287671,123.52328767123288,)(1884, 56.71311475409836,141.04918032786884,)(1885, 48.986301369863014,141.12876712328767,)(1886, 54.345205479452055,139.14520547945204,)(1887, 39.61095890410959,126.2,)(1888, 44.20765027322405,128.1830601092896,)(1889, 46.61917808219178,125.73424657534247,)]
CA001114620, [ (1881, 38.68975903614458,138.11746987951807,)(1882, 35.85479452054795,134.586301369863,)(1883, 37.712574850299404,145.69161676646706,)]
CA004013030, [ (1889, -7.787234042553192,134.41228070175438,)]
CA006104185, [ (1880, 24.311475409836067,126.30601092896175,)(1881, 24.424657534246574,127.7041095890411,)(1882, 24.512328767123286,121.16986301369863,)(1883, 4.189041095890411,101.58630136986301,)(1884, 16.497267759562842,106.96448087431693,)(1885, 3.6575342465753424,92.91232876712328,)(1886, 16.621917808219177,106.18082191780822,)(1887, 18.482191780821918,108.46301369863014,)(1888, 12.972677595628415,101.71584699453553,)(1889, 33.35068493150685,113.04657534246576,)]
CA006105976, [ (1889, -59.52459016393443,13.950819672131148,)]
CA006111766, [ (1885, 9.768595041322314,92.16528925619835,)(1886, 7.115068493150685,113.07945205479452,)(1887, 2.649315068493151,115.52876712328766,)(1888, -18.263736263736263,103.48901098901099,)(1889, -1.558904109589041,115.96986301369863,)]
CA006111793, [ (1881, 103.9090909090909,205.11363636363637,)]
CA006116254, [ (1880, -5.8743169398907105,105.12021857923497,)(1881, -1.8794520547945206,111.77534246575343,)(1882, -2.736986301369863,104.01369863013699,)(1883, -28.39178082191781,88.1013698630137,)(1884, -14.841530054644808,101.39344262295081,)(1885, -31.216438356164385,86.7095890410959,)(1886, -13.901369863013699,99.72876712328767,)(1887, -18.70958904109589,101.59178082191781,)(1888, -22.93169398907104,89.86065573770492,)(1889, 4.032876712328767,107.97808219178083,)]
CA006129850, [ (1881, 73.1534090909091,184.27272727272728,)(1882, 23.887671232876713,127.79178082191781,)(1883, -3.0875706214689265,111.87671232876713,)(1884, 12.1448087431694,120.78688524590164,)(1885, -0.5287671232876713,106.45753424657535,)(1886, 14.013698630136986,119.7041095890411,)(1887, 15.542465753424658,124.64109589041095,)(1888, 7.644808743169399,112.41256830601093,)(1889, 26.336986301369862,127.61643835616438,)]
CA006142993, [ (1880, 25.806010928961747,128.34972677595627,)(1881, 23.567123287671233,132.27671232876713,)(1882, 20.4,125.36712328767123,)(1883, 0.07417582417582418,110.1456043956044,)(1884, 11.92876712328767,120.99178082191781,)(1885, -1.0328767123287672,105.44657534246575,)(1886, 13.12054794520548,121.44383561643835,)]
CA006148120, [ (1881, -29.634615384615383,44.32692307692308,)(1882, 13.097701149425287,118.98275862068965,)(1883, -5.392156862745098,110.51117318435755,)(1884, -1.6064139941690962,112.74635568513119,)(1885, -128.92436974789916,-10.521367521367521,)]
CA006158065, [ (1889, 36.26865671641791,127.53618421052632,)]
CA008104500, [ (1883, -47.5735294117647,73.10958904109589,)]
CE000434730, [ (1880, 97.69850746268656,187.34328358208955,)(1881, 99.93956043956044,201.64835164835165,)(1882, 101.16438356164383,190.82465753424657,)(1883, 99.73424657534247,193.04109589041096,)(1884, 94.50546448087432,194.4945355191257,)(1885, 98.83791208791209,198.40384615384616,)(1886, 101.28767123287672,196.94505494505495,)(1887, 95.95616438356164,193.94246575342467,)(1888, 98.73770491803279,205.29508196721312,)(1889, 103.19834710743801,209.74794520547945,)]
DA000027080, [ (1880, 43.314207650273225,109.77322404371584,)(1881, 29.75890410958904,91.95505617977528,)(1882, 58.62465753424657,112.67671232876712,)(1883, 50.81369863013698,104.59452054794521,)(1884, 56.46174863387978,109.13387978142076,)(1885, 43.87945205479452,101.9972602739726,)(1886, 42.94794520547945,103.9068493150685,)(1887, 40.85753424657534,102.65479452054795,)(1888, 34.885245901639344,90.30054644808743,)(1889, 49.1013698630137,106.69315068493151,)]
DA000030380, [ (1880, 34.21584699453552,113.31147540983606,)(1881, 24.84931506849315,99.56438356164384,)(1882, 47.62191780821918,124.11506849315069,)(1883, 40.28219178082192,113.6,)(1884, 45.35245901639344,121.1584699453552,)(1885, 30.153424657534245,112.40547945205479,)(1886, 32.4,114.79178082191781,)(1887, 32.26849315068493,110.02465753424657,)(1888, 29.05191256830601,98.2103825136612,)(1889, 39.726027397260275,112.02191780821917,)]
EI000003969, [ (1881, 44.26301369863014,123.84109589041095,)(1882, 50.95616438356164,129.35342465753425,)(1883, 45.221917808219175,126.17534246575343,)(1884, 53.72950819672131,130.72677595628414,)(1885, 43.62465753424657,121.35890410958905,)(1886, 47.868493150684934,121.14520547945206,)(1887, 44.06849315068493,127.53424657534246,)(1888, 46.81693989071038,120.55191256830601,)(1889, 51.44931506849315,127.73424657534247,)]
GM000010962, [ (1880, 31.34426229508197,99.86612021857924,)(1881, 22.504109589041096,95.08219178082192,)(1882, 28.90958904109589,102.40821917808219,)(1883, 18.024657534246575,94.71780821917808,)(1884, 28.382513661202186,103.2896174863388,)(1885, 25.063013698630137,103.96438356164384,)(1886, 29.2,100.53972602739726,)(1887, 18.515068493150686,87.04657534246576,)(1888, 23.85792349726776,90.70491803278688,)(1889, 21.71780821917808,89.33150684931506,)]
HRE00105189, [ (1880, 131.36338797814207,192.9344262295082,)(1881, 127.56712328767124,188.7972602739726,)(1882, 134.27123287671233,200.06849315068493,)(1883, 128.37808219178083,193.7917808219178,)(1884, 126.95081967213115,194.35245901639345,)(1885, 136.07671232876712,200.44109589041096,)(1886, 135.986301369863,200.75068493150684,)(1887, 130.7068493150685,199.04657534246576,)(1888, 126.94535519125684,None ,)(1889, 108.74585635359117,None ,)]
ITE00100554, [ (1880, 91.98087431693989,175.07650273224044,)(1881, 89.87945205479453,172.1041095890411,)(1882, 93.92876712328767,176.9972602739726,)(1883, 86.67945205479452,166.51232876712328,)(1884, 88.87158469945355,173.54098360655738,)(1885, 92.71232876712328,170.70958904109588,)(1886, 93.41369863013699,173.64383561643837,)(1887, 82.10958904109589,165.1205479452055,)(1888, 83.19945355191257,166.2486338797814,)(1889, 85.68767123287671,168.3041095890411,)]
RSM00022845, [ (1886, 0.6306306306306306,None ,)(1887, -67.64238410596026,None ,)]
RSM00028440, [ (1881, -25.5748502994012,None ,)(1882, -43.97095435684647,None ,)(1885, -139.86885245901638,-62.08196721311475,)(1886, -33.66849315068493,52.320547945205476,)(1888, -43.18852459016394,89.72540983606558,)(1889, -108.23868312757202,58.41917808219178,)]
UPM00033587, [ (1885, 12.885245901639344,None ,)(1887, 25.36986301369863,127.73150684931507,)(1888, 20.06528189910979,127.1839762611276,)(1889, 16.19402985074627,103.96417910447761,)]
USC00015555, [ (1880, 144.35792349726776,242.68579234972677,)(1881, 142.63835616438357,246.2821917808219,)(1882, 141.63013698630138,243.413698630137,)(1883, 143.5068493150685,250.7917808219178,)(1884, 133.6120218579235,242.1120218579235,)(1885, 121.38356164383562,228.1205479452055,)(1886, 127.41643835616438,231.15342465753426,)(1887, 135.55616438356165,242.6958904109589,)(1888, 134.47267759562843,239.44535519125682,)(1889, 128.83013698630137,242.05479452054794,)]
USC00034251, [ (1880, 124.70604395604396,217.84615384615384,)(1881, 129.92307692307693,224.0054945054945,)(1882, 129.87671232876713,219.36438356164385,)(1883, 121.39118457300276,222.8870523415978,)(1884, 116.27671232876712,218.35068493150686,)(1885, 114.9478021978022,219.4120879120879,)(1886, 104.47397260273972,204.95342465753424,)(1887, 113.04931506849314,225.16712328767125,)(1888, 110.41436464088397,212.5785123966942,)(1889, 117.19832402234637,218.9607843137255,)]
USC00061536, [ (1885, 17.305295950155763,152.94637223974763,)(1886, 13.962616822429906,139.784375,)(1887, -78.73728813559322,45.33898305084746,)]
USC00065445, [ (1884, -44.40816326530612,36.208333333333336,)(1885, 2.643835616438356,113.20547945205479,)(1886, 16.52054794520548,122.73972602739725,)(1887, -105.45762711864407,-10.322033898305085,)]
USC00173046, [ (1886, -3.3360655737704916,97.60655737704919,)(1887, 11.791780821917808,115.43013698630136,)(1888, 13.254098360655737,109.41256830601093,)(1889, 34.3041095890411,131.37534246575342,)]
USC00191097, [ (1884, -26.216666666666665,59.56666666666667,)(1885, 38.87227414330218,133.72530864197532,)(1886, 41.17906336088154,132.97796143250687,)(1887, 41.460055096418735,132.12983425414365,)(1888, 33.37640449438202,120.958217270195,)(1889, 52.11363636363637,136.90027700831024,)]
USC00195891, [ (1886, -47.0,None ,)(1887, -47.5,161.5,)]
USC00198375, [ (1884, -18.016393442622952,82.1311475409836,)(1885, 27.583561643835615,149.87123287671233,)(1886, 34.205479452054796,150.4986301369863,)(1887, 43.713467048710605,155.0911680911681,)(1888, 23.846575342465755,138.82465753424657,)(1889, 45.136986301369866,154.26301369863015,)]
USC00199731, [ (1885, -32.814126394052046,72.14179104477611,)(1886, 21.972375690607734,122.22714681440443,)(1887, 16.177966101694917,119.36723163841808,)(1888, -13.395744680851063,114.7827868852459,)]
USC00262383, [ (1889, 121.44351464435147,251.35537190082644,)]
USC00269430, [ (1889, 120.91358024691358,246.52469135802468,)]
USC00319191, [ (1883, 139.50467289719626,230.47142857142856,)(1887, 12.172413793103448,117.79310344827586,)(1888, 88.59228650137742,206.11845730027548,)(1889, 94.08611111111111,202.8060941828255,)]
USC00348285, [ (1888, 22.0,183.0,)]
USC00367239, [ (1884, 1.6065573770491803,209.34426229508196,)(1885, 35.974264705882355,111.26838235294117,)(1886, 40.97534246575343,119.57260273972602,)(1887, 36.79178082191781,145.43835616438355,)(1888, 29.887978142076502,148.04644808743168,)(1889, 47.657534246575345,161.98626373626374,)]
USC00383742, [ (1884, 147.17757009345794,286.55607476635515,)(1885, 154.69021739130434,283.6304347826087,)(1886, 153.53658536585365,291.8,)(1887, 155.6611111111111,296.3222222222222,)(1888, 147.19626168224298,281.06542056074767,)(1889, 133.11267605633802,262.51173708920186,)]
USC00419421, [ (1883, 193.3177570093458,342.1448598130841,)(1884, 185.08095238095237,307.0379146919431,)(1885, 191.0054347826087,303.67934782608694,)(1886, 200.88717948717948,319.3948717948718,)(1887, 203.42391304347825,324.32608695652175,)(1888, 162.06405693950177,278.83274021352315,)]
USC00469368, [ (1881, None ,-180.5,)]
USC00474375, [ (1880, 37.86612021857923,131.75409836065575,)(1881, 44.19178082191781,130.03287671232877,)(1882, 46.487671232876714,130.15616438356165,)(1883, 19.465753424657535,107.31506849315069,)(1884, 31.6775956284153,117.8360655737705,)(1885, 27.12876712328767,113.17260273972603,)(1886, 38.49589041095891,133.27472527472528,)(1887, 20.471232876712328,128.6958904109589,)(1888, 13.368852459016393,109.17213114754098,)(1889, 29.269972451790633,133.90358126721762,)]
USW00013736, [ (1880, 77.72131147540983,171.68852459016392,)(1881, 79.78356164383561,174.2219178082192,)(1882, 75.69589041095891,166.1041095890411,)(1883, -21.18888888888889,77.52222222222223,)]
USW00093725, [ (1880, 82.8224043715847,184.05191256830602,)(1881, 75.76347305389221,173.64071856287424,)(1882, 82.1972602739726,177.3068493150685,)(1883, 74.31506849315069,175.42465753424656,)(1884, 81.10382513661202,182.10382513661202,)(1885, 55.46027397260274,168.2931506849315,)(1886, 71.98082191780821,137.4794520547945,)(1887, 79.30410958904109,176.41095890410958,)(1888, 73.0464480874317,169.28415300546447,)(1889, 83.17534246575343,175.21369863013697,)]
