AGE00147705, [ (1886, None ,154.0,)(1887, 145.2,228.2277777777778,)(1888, 149.34615384615384,224.32417582417582,)(1889, 144.26666666666668,220.3910447761194,)]
AGE00147711, [ (1886, 110.66887417218543,227.06270627062707,)(1887, 93.9275766016713,215.0,)(1888, 92.55681818181819,203.810888252149,)(1889, 88.80877742946709,197.95731707317074,)]
ASN00014016, [ (1885, 230.3223880597015,328.1283582089552,)(1886, 237.48219178082192,334.35616438356163,)(1887, 227.14246575342466,325.87397260273974,)(1888, 234.3415300546448,336.3224043715847,)(1889, 240.53150684931506,339.9972602739726,)]
ASN00048030, [ (1881, 90.04838709677419,275.8774834437086,)(1882, 112.65650969529086,None ,)(1883, 104.31506849315069,290.47633136094674,)(1884, 104.02011494252874,324.625,)(1885, 108.1921921921922,286.26126126126127,)(1886, 110.14520547945206,270.6684931506849,)(1887, 105.58630136986301,284.56986301369864,)(1888, 128.224043715847,299.3415300546448,)(1889, 154.96986301369864,288.18630136986303,)]
ASN00052026, [ (1880, 127.46666666666667,278.89722222222224,)(1881, 127.7584541062802,269.9466019417476,)(1882, 115.3125,297.55670103092785,)(1883, 115.74550898203593,275.1556886227545,)(1884, 133.22191011235955,290.6912568306011,)(1885, 125.45251396648045,280.55128205128204,)(1886, 128.6821917808219,258.213698630137,)(1887, 123.75342465753425,253.61904761904762,)(1888, 122.95027624309392,265.27197802197804,)(1889, 140.58677685950414,250.08264462809916,)]
ASN00055023, [ (1880, 49.127946127946124,287.1986531986532,)(1881, 66.81848184818482,289.34653465346537,)(1882, 111.65530303030303,296.70075757575756,)(1883, 122.55409836065574,270.2826747720365,)(1884, 128.6264705882353,261.0235294117647,)(1885, 126.49683544303798,248.7594936708861,)(1886, 121.34722222222223,239.02314814814815,)(1887, 116.90283400809717,231.05263157894737,)(1888, 127.4,267.9446808510638,)(1889, 142.41596638655463,281.3529411764706,)]
ASN00090015, [ (1880, 104.39617486338798,193.89890710382514,)(1881, 102.0,190.62465753424658,)(1882, 100.55068493150685,192.75068493150684,)(1883, 104.08219178082192,200.096875,)(1884, 96.78595317725753,188.40389972144845,)(1885, 91.0813953488372,181.62258953168043,)(1886, 103.85595567867036,186.70083102493075,)(1887, 106.01652892561984,182.4251700680272,)(1888, 103.97540983606558,181.23626373626374,)(1889, 108.27945205479452,185.81714285714287,)]
CA001104468, [ (1880, 32.540192926045016,117.016077170418,)(1881, 46.33482142857143,142.12389380530973,)(1882, -7.285714285714286,64.16666666666667,)]
CA004040420, [ (1880, -102.40963855421687,62.44159544159544,)(1881, -102.26285714285714,40.462857142857146,)(1882, -117.61224489795919,3.326530612244898,)(1883, -196.5549132947977,-58.60919540229885,)(1884, -107.42745098039215,8.662745098039215,)(1885, -290.07142857142856,-188.71428571428572,)(1886, -119.77777777777777,-0.1111111111111111,)]
CA004056230, [ (1884, -163.15841584158414,-14.237623762376238,)(1885, -108.13168724279835,43.5679012345679,)(1886, -112.33147632311977,63.77437325905292,)(1887, -88.30258302583026,65.12177121771218,)(1888, -119.921875,113.52631578947368,)(1889, -69.85474860335195,86.45251396648045,)]
CA005023243, [ (1880, -65.84426229508196,57.47540983606557,)(1881, -58.49315068493151,71.68767123287671,)(1882, -50.40821917808219,72.06575342465753,)(1883, -80.62191780821918,47.45753424657534,)(1884, -65.04371584699453,44.095628415300546,)(1885, -61.8986301369863,60.47123287671233,)(1886, -60.81369863013698,75.83287671232877,)(1887, -73.5041095890411,63.92054794520548,)(1888, -62.30327868852459,64.80874316939891,)(1889, -45.14520547945205,92.34246575342466,)]
CA006046588, [ (1880, -53.23224043715847,65.81420765027322,)(1881, -37.47945205479452,77.72876712328767,)(1882, -33.67123287671233,78.12602739726027,)(1883, -68.17534246575343,61.583561643835615,)(1884, -54.775956284153004,64.82786885245902,)(1885, -54.772602739726025,57.772602739726025,)(1886, -44.72054794520548,68.16986301369863,)(1887, -49.76986301369863,63.989041095890414,)(1888, -50.31693989071038,59.560109289617486,)(1889, -29.126027397260273,85.24931506849315,)]
CA006075400, [ (1880, -72.24793388429752,34.92286501377411,)(1881, -67.23615160349854,41.08163265306123,)(1882, -189.00757575757575,-64.71212121212122,)(1889, -127.34177215189874,-27.696202531645568,)]
CA006094450, [ (1880, 5.4316939890710385,98.09289617486338,)(1881, -8.095238095238095,86.96666666666667,)(1886, 30.017241379310345,124.98850574712644,)(1887, -7.598337950138504,101.16388888888889,)(1888, -9.028011204481793,87.24649859943978,)(1889, 14.408219178082192,108.74520547945205,)]
CA006142252, [ (1889, 24.79874213836478,117.99371069182389,)]
CA006143083, [ (1881, 86.99555555555555,183.19574468085105,)(1882, 28.480555555555554,119.77285318559557,)(1883, 4.898351648351649,107.31593406593407,)(1884, 5.286885245901639,120.51912568306011,)(1885, -13.572727272727272,99.21212121212122,)(1886, 4.624657534246575,118.62465753424658,)(1887, 6.016483516483516,121.9641873278237,)(1888, 0.48342541436464087,110.89531680440771,)(1889, 9.389972144846796,126.08100558659218,)]
CA006150913, [ (1880, 27.158640226628894,120.84426229508196,)(1881, 22.715068493150685,124.64931506849315,)(1882, 12.510263929618768,109.32058823529412,)(1883, -1.6712328767123288,101.33424657534246,)(1884, 6.415300546448087,111.94535519125684,)(1885, -12.138643067846608,91.79464285714286,)(1886, 4.221590909090909,109.43019943019944,)(1887, 6.337078651685394,118.50140845070422,)(1888, 4.5710382513661205,110.03551912568307,)]
CA006160465, [ (1882, -54.561797752808985,46.70454545454545,)(1883, -43.554913294797686,82.54913294797687,)(1884, -35.95,100.4298245614035,)(1885, -42.50898203592814,96.90390390390391,)(1886, -155.41573033707866,-13.910112359550562,)(1889, -58.21951219512195,35.25609756097561,)]
CA007021954, [ (1880, 43.382075471698116,145.99530516431926,)(1881, -1.7743732590529249,109.73184357541899,)(1882, -11.91388888888889,101.48055555555555,)(1883, -24.082872928176794,97.22375690607734,)(1884, 2.6149425287356323,106.17260273972603,)(1885, -20.330532212885153,98.80672268907563,)(1886, -13.456582633053221,111.30812324929973,)(1887, -11.74251497005988,112.23652694610779,)]
CA007050790, [ (1881, -8.498245614035088,50.14385964912281,)(1882, -7.167123287671233,62.221917808219175,)(1883, -8.832876712328767,65.28219178082192,)(1884, -11.901639344262295,58.349726775956285,)(1885, -4.117808219178082,66.15068493150685,)(1886, 5.101369863013699,73.67945205479452,)(1887, -4.249315068493151,65.6109589041096,)(1888, -3.180327868852459,65.16120218579235,)(1889, 7.271232876712329,76.8,)]
CA007061440, [ (1880, -151.44827586206895,11.415584415584416,)(1881, -78.12307692307692,30.653846153846153,)(1882, -40.89310344827586,87.53793103448275,)(1883, -41.263345195729535,90.1,)(1884, -42.507751937984494,60.34177215189873,)(1885, -48.11357340720222,65.6657458563536,)(1886, -41.21590909090909,70.07670454545455,)(1887, -39.87536231884058,72.59428571428572,)(1888, -40.421203438395416,71.98850574712644,)(1889, -27.58073654390935,86.80681818181819,)]
CA008100990, [ (1880, -20.51912568306011,101.30874316939891,)(1881, -11.057534246575342,100.58904109589041,)(1882, -20.30958904109589,94.05205479452054,)(1883, -30.745205479452054,91.64657534246575,)(1884, -22.873972602739727,88.76986301369863,)(1885, -22.208219178082192,96.62191780821918,)(1886, -11.627397260273973,99.92602739726027,)(1887, -22.106849315068494,98.11780821917809,)(1888, -19.325136612021858,90.19125683060109,)(1889, 6.934246575342466,115.27671232876712,)]
CA008101170, [ (1880, -11.28,89.25287356321839,)(1881, -18.22316384180791,73.91292134831461,)(1882, -28.766016713091922,75.79329608938548,)(1883, -43.8756906077348,63.649171270718234,)(1884, -37.603305785123965,64.73351648351648,)(1885, -31.23463687150838,54.29044117647059,)(1886, -24.397759103641455,82.37254901960785,)(1887, -27.80979827089337,77.05763688760807,)(1888, -24.875,72.86666666666666,)(1889, -12.803370786516854,91.76815642458101,)]
CA008101230, [ (1880, -123.74193548387096,-24.35483870967742,)(1888, -14.827868852459016,85.39071038251366,)(1889, 9.873972602739727,97.22465753424657,)]
CA008101920, [ (1883, 42.33898305084746,132.70056497175142,)(1884, 13.775956284153006,99.34426229508196,)(1885, 9.772602739726027,97.06301369863014,)(1886, 17.112328767123287,105.36164383561643,)(1887, 8.64931506849315,102.35890410958905,)(1888, 4.7650273224043715,92.43442622950819,)(1889, 24.747945205479454,111.55068493150685,)]
CA008103825, [ (1886, 32.08988764044944,151.12359550561797,)(1887, -11.937125748502995,100.26726726726727,)(1888, -25.114754098360656,56.09836065573771,)(1889, -8.58904109589041,101.52328767123288,)]
CA008206410, [ (1880, -37.53947368421053,67.92105263157895,)(1881, 21.284900284900285,103.45425867507886,)(1882, 10.143250688705233,101.63461538461539,)(1883, -135.10526315789474,69.56424581005587,)]
CA008300298, [ (1880, 3.271978021978022,91.6456043956044,)(1881, 6.145205479452055,89.75274725274726,)(1882, -1.1232876712328768,85.38356164383562,)(1883, -4.336986301369863,87.36986301369863,)(1884, -5.60655737704918,84.61748633879782,)(1885, -0.07945205479452055,92.32876712328768,)(1886, -33.29834254143646,61.92265193370166,)(1888, 54.54347826086956,125.35326086956522,)(1889, 30.15068493150685,107.17260273972603,)]
CA008300430, [ (1889, 35.3,122.68571428571428,)]
CA008500500, [ (1884, -9.974452554744525,34.306569343065696,)(1885, -23.159779614325068,16.713498622589533,)(1886, -26.054131054131055,17.59259259259259,)(1887, -38.31232876712329,5.958904109589041,)(1888, -37.79234972677595,20.40983606557377,)(1889, -24.21511627906977,26.441860465116278,)]
DA000032030, [ (1880, 53.33879781420765,102.08196721311475,)(1881, 41.05205479452055,87.3972602739726,)(1882, 61.726027397260275,107.42191780821918,)(1883, 50.78082191780822,96.6082191780822,)(1884, 57.4344262295082,105.6584699453552,)(1885, 53.153424657534245,100.08219178082192,)(1886, 52.536986301369865,104.00821917808219,)(1887, 51.49589041095891,99.64931506849315,)(1888, 41.521857923497265,83.62290502793296,)(1889, 50.057534246575344,96.37808219178082,)]
EZE00100082, [ (1880, 58.71857923497268,130.62568306010928,)(1881, 47.778082191780825,116.31506849315069,)(1882, 61.273972602739725,129.17808219178082,)(1883, 55.1945205479452,122.53972602739726,)(1884, 60.1448087431694,130.0655737704918,)(1885, 56.967123287671235,128.1068493150685,)(1886, 58.893150684931506,128.96438356164384,)(1887, 48.942465753424656,116.68219178082192,)(1888, 49.27049180327869,116.44535519125684,)(1889, 56.16438356164384,120.59178082191781,)]
KZ000035188, [ (1884, -8.494565217391305,None ,)(1885, -45.01796407185629,None ,)]
RSM00032061, [ (1881, -45.53611111111111,None ,)(1882, -40.583561643835615,None ,)(1883, -54.704109589041096,None ,)(1884, -68.38251366120218,None ,)(1885, -64.02465753424657,None ,)(1886, -44.843835616438355,None ,)(1887, -53.52054794520548,None ,)(1888, -48.35245901639344,None ,)(1889, -66.36712328767123,None ,)]
TS000060765, [ (1887, 122.47802197802197,258.532967032967,)(1888, 99.45054945054945,229.34806629834253,)(1889, 137.02191780821917,256.3972602739726,)]
UK000047811, [ (1880, 53.3551912568306,123.80054644808743,)(1881, 46.013698630136986,115.14520547945206,)(1882, 53.42739726027397,123.57260273972602,)(1883, 46.66575342465753,121.46301369863014,)(1884, 49.62841530054645,129.3551912568306,)(1885, 44.06027397260274,120.25753424657535,)(1886, 46.02739726027397,116.78356164383561,)(1887, 46.45205479452055,123.67945205479452,)(1888, 46.28142076502732,119.22950819672131,)(1889, 54.1945205479452,125.33150684931506,)]
USC00011685, [ (1889, 180.140350877193,310.87719298245617,)]
USC00030936, [ (1883, 191.14814814814815,298.19417475728153,)(1884, 137.75,296.73015873015873,)(1885, 187.568345323741,307.0508474576271,)(1886, 176.38181818181818,298.97076023391816,)(1887, 215.51470588235293,326.09027777777777,)(1888, 193.86486486486487,302.6857142857143,)(1889, 174.54807692307693,279.0761904761905,)]
USC00134049, [ (1883, 87.68727272727273,151.95636363636365,)(1884, 58.15223880597015,119.5223880597015,)(1885, 33.26301369863014,93.54246575342465,)(1886, 47.446575342465756,112.07123287671233,)(1887, 44.4027397260274,111.85753424657534,)(1888, -189.80645161290323,-121.41935483870968,)]
USC00172740, [ (1886, 5.814814814814815,125.08389261744966,)(1887, -3.9461756373937678,123.90462427745665,)(1888, -10.634349030470915,103.85164835164835,)(1889, 22.451612903225808,161.29032258064515,)]
USC00190830, [ (1889, 64.75342465753425,146.65753424657535,)]
USC00193110, [ (1885, 51.282722513089006,172.61780104712042,)(1886, 20.140056022408963,136.18384401114207,)(1887, 7.976109215017065,117.36054421768708,)(1888, -12.824074074074074,108.50308641975309,)(1889, 30.27094972067039,140.18055555555554,)]
USC00194295, [ (1885, 41.29752066115702,132.6749311294766,)(1886, 45.97808219178082,128.73698630136985,)(1887, 51.413698630136984,132.56986301369864,)(1888, 42.013661202185794,123.80054644808743,)(1889, 67.16712328767123,135.77260273972604,)]
USC00194313, [ (1885, 146.09677419354838,241.4516129032258,)(1889, 45.137362637362635,146.18356164383562,)]
USC00194340, [ (1885, -40.16129032258065,117.00833333333334,)(1886, 32.42089552238806,133.5917808219178,)(1887, 12.613698630136986,133.92328767123288,)(1888, -0.0273224043715847,119.79234972677595,)(1889, 25.646575342465752,139.0054794520548,)]
USC00194760, [ (1885, 42.36986301369863,129.07397260273973,)(1886, 37.48559670781893,121.65432098765432,)(1887, -47.3728813559322,38.260504201680675,)]
USC00198960, [ (1885, 78.8663101604278,201.85714285714286,)(1886, 34.987096774193546,155.86996904024767,)(1887, 25.35542168674699,146.10919540229884,)(1888, 15.333333333333334,136.84984984984985,)(1889, 44.52842809364549,147.65814696485623,)]
USC00200718, [ (1888, -33.0,72.0,)]
USC00201744, [ (1889, 63.459016393442624,176.40983606557376,)]
USC00205065, [ (1888, 59.17934782608695,130.55434782608697,)(1889, 32.9041095890411,104.93972602739726,)]
USC00241008, [ (1880, 72.0,239.0,)]
USC00263040, [ (1888, -34.06666666666667,117.6896551724138,)(1889, 27.201117318435752,179.22128851540617,)]
USC00268761, [ (1887, -60.645161290322584,74.1923076923077,)(1889, 82.96846846846847,187.94117647058823,)]
USC00270690, [ (1886, 11.895238095238096,162.5528846153846,)(1887, -29.22099447513812,123.35714285714286,)(1888, -29.629834254143645,104.12154696132596,)(1889, 25.65568862275449,146.64670658682635,)]
USC00275712, [ (1885, -10.945652173913043,89.8913043478261,)(1886, 21.852054794520548,144.34520547945206,)(1887, 19.70958904109589,137.63835616438357,)(1888, 17.16716417910448,135.17611940298508,)(1889, 35.8054794520548,148.64931506849314,)]
USC00287865, [ (1880, 81.6311475409836,127.06557377049181,)(1881, 81.94246575342466,157.34246575342465,)(1882, 80.18082191780822,149.3945205479452,)(1883, 81.97032640949556,155.57566765578636,)(1884, 76.98907103825137,152.55464480874318,)(1885, 67.01369863013699,147.92602739726027,)(1886, 83.51497005988024,141.5119760479042,)]
USC00331662, [ (1880, 57.42622950819672,143.30327868852459,)(1881, 58.276712328767125,139.27123287671233,)(1882, 56.27945205479452,138.2,)(1883, 41.865753424657534,132.32876712328766,)(1884, 48.15300546448088,137.58743169398906,)(1885, 36.364383561643834,124.7068493150685,)(1886, 44.6,136.7068493150685,)(1887, 49.23013698630137,141.4794520547945,)(1888, 47.060109289617486,132.73224043715848,)(1889, 59.8054794520548,140.64657534246575,)]
USC00363711, [ (1888, 89.90760869565217,172.52173913043478,)(1889, 69.56438356164384,153.26575342465753,)]
USC00444876, [ (1889, 91.79906542056075,215.83177570093457,)]
USC00462735, [ (1889, 105.15217391304348,166.54347826086956,)]
USC00485355, [ (1881, 878.0,44.0,)]
USW00014936, [ (1881, 45.29347826086956,161.40217391304347,)(1882, 5.947945205479452,133.3178082191781,)(1883, -10.898630136986302,114.93698630136986,)(1884, -10.092896174863387,119.85792349726776,)(1885, -1.6465753424657534,122.10684931506849,)(1886, -6.978082191780822,130.44931506849315,)(1887, -13.158904109589042,121.62465753424658,)(1888, -14.172131147540984,120.0464480874317,)(1889, 0.3972602739726027,138.47397260273974,)]
USW00024128, [ (1880, 2.9201183431952664,172.28994082840237,)(1881, 17.4,173.41095890410958,)(1882, 4.421917808219178,159.96438356164384,)(1883, -29.64457831325301,123.53012048192771,)(1884, -51.483870967741936,66.3225806451613,)(1885, 33.364383561643834,180.7917808219178,)(1886, 17.13150684931507,177.4191780821918,)(1887, 7.306849315068493,178.73150684931508,)(1888, 19.90983606557377,178.39617486338798,)(1889, 20.66849315068493,179.0904109589041,)]
UZM00038618, [ (1881, -9.8,None ,)(1882, 55.016666666666666,None ,)(1883, 68.41643835616438,None ,)(1884, 65.8224043715847,None ,)(1888, 83.08743169398907,None ,)(1889, 64.32054794520548,None ,)]
