AGE00147713, [ (1880, 79.93939393939394,207.63287671232877,)(1881, 79.34246575342466,214.39178082191782,)(1882, 69.0415512465374,210.47619047619048,)(1886, 97.62949640287769,222.97491039426524,)(1887, 82.69578313253012,205.98159509202455,)(1888, 74.66101694915254,203.2130681818182,)(1889, 69.1455938697318,173.63636363636363,)]
ASN00023000, [ (1887, 114.34883720930233,208.61739130434782,)(1888, 121.3224043715847,227.65027322404373,)(1889, 120.32054794520548,217.01643835616437,)]
ASN00040214, [ (1887, 149.9368131868132,245.013698630137,)(1888, 148.58743169398906,256.77868852459017,)(1889, 160.23013698630137,255.94794520547944,)]
ASN00066062, [ (1880, 133.54918032786884,208.04918032786884,)(1881, 130.8904109589041,204.2164383561644,)(1882, 135.813698630137,211.42191780821918,)(1883, 129.81643835616438,206.47123287671232,)(1884, 135.60109289617486,211.74043715846994,)(1885, 137.92876712328768,215.85205479452054,)(1886, 136.74246575342465,212.38630136986302,)(1887, 138.22739726027396,202.7917808219178,)(1888, 133.75068493150684,209.08219178082192,)(1889, 143.06849315068493,207.27671232876713,)]
AU000015410, [ (1886, -134.4262295081967,-80.49180327868852,)(1887, -98.05479452054794,-49.83561643835616,)(1888, -92.24043715846994,-45.3551912568306,)(1889, -92.98904109589041,-49.03013698630137,)]
CA001101530, [ (1881, 57.59327217125382,149.33639143730886,)]
CA005030556, [ (1889, 37.0,82.46892655367232,)]
CA0050520EE, [ (1889, -184.55737704918033,None ,)]
CA006059475, [ (1888, -199.5,-49.22727272727273,)(1889, -63.4027397260274,75.52054794520548,)]
CA006068148, [ (1887, -1.7933884297520661,137.39303482587064,)(1888, -287.14814814814815,77.61739130434782,)(1889, 1.9743589743589745,105.82934131736526,)]
CA006120315, [ (1882, 17.721311475409838,113.64754098360656,)(1883, 7.779944289693593,110.28969359331477,)(1884, 10.54,115.29799426934098,)(1885, -0.13424657534246576,105.11780821917809,)(1886, 14.052054794520547,121.11780821917809,)(1887, 18.087912087912088,124.91208791208791,)(1888, 8.270491803278688,112.69398907103825,)(1889, 25.375342465753423,123.16438356164383,)]
CA006127887, [ (1880, 18.505494505494507,113.56593406593407,)(1881, 14.786301369863013,114.87123287671233,)(1882, 16.34794520547945,114.30958904109589,)(1883, -5.586301369863014,96.04657534246576,)(1884, 3.379781420765027,106.20765027322405,)(1885, -10.027397260273972,91.7068493150685,)(1886, 9.504109589041096,103.09041095890412,)(1887, 5.071232876712329,105.65205479452055,)(1888, 0.6885245901639344,95.17486338797814,)(1889, 21.457534246575342,113.58904109589041,)]
CA006131388, [ (1889, 43.74390243902439,166.109756097561,)]
CA006136335, [ (1889, 33.01176470588236,88.4,)]
CA006141843, [ (1880, -63.21739130434783,29.119565217391305,)(1881, 9.623626373626374,126.59504132231405,)(1882, 7.544198895027624,112.0939226519337,)(1883, -13.346153846153847,96.5702479338843,)(1884, -70.69491525423729,31.920454545454547,)(1885, -17.28767123287671,100.03561643835616,)(1886, 2.813698630136986,110.67671232876712,)(1887, 2.8493150684931505,112.75068493150685,)(1888, -3.040983606557377,102.8415300546448,)(1889, 13.243835616438357,117.87945205479453,)]
CA006152007, [ (1882, 61.33168316831683,169.89162561576356,)(1883, -1.4022038567493114,110.36088154269973,)(1884, 10.487603305785123,119.43526170798899,)(1885, -1.4116022099447514,105.52486187845304,)(1886, 8.238888888888889,118.21111111111111,)(1887, 12.052631578947368,122.31024930747922,)(1888, 0.15846994535519127,115.00819672131148,)(1889, 20.15068493150685,128.2,)]
CA007026465, [ (1880, -5.803827751196172,128.2488038277512,)(1881, 37.53005464480874,151.53296703296704,)(1882, -16.892857142857142,97.89041095890411,)(1883, -33.8986301369863,92.36813186813187,)(1884, -19.50137741046832,100.98626373626374,)(1885, -36.172602739726024,94.18082191780822,)(1886, -27.254794520547946,104.51648351648352,)(1887, -29.975274725274726,99.72054794520548,)(1888, -30.44931506849315,89.19945355191257,)(1889, -4.381868131868132,112.57142857142857,)]
CA008105600, [ (1886, -101.64150943396227,-0.4716981132075472,)(1887, -26.967845659163988,94.81957186544342,)(1888, -14.170212765957446,87.21325648414985,)(1889, 2.9367469879518073,112.89714285714285,)]
CA008204420, [ (1881, 6.426865671641791,92.62089552238805,)(1882, 5.446575342465754,91.55342465753425,)(1883, 8.778082191780822,101.23287671232876,)(1884, 8.480874316939891,100.6256830601093,)(1885, 15.794520547945206,112.07397260273973,)(1886, 27.42032967032967,129.29395604395606,)(1887, 12.868493150684932,107.6,)(1888, 9.633879781420765,97.67486338797814,)(1889, 31.073972602739726,121.66575342465754,)]
CA008403635, [ (1889, 55.34975369458128,126.0935960591133,)]
EGE00147726, [ (1884, 105.76438356164384,247.4986301369863,)(1885, 129.3013698630137,252.0191780821918,)(1886, 117.07945205479452,246.60179640718562,)]
EGE00147732, [ (1884, 131.21311475409837,267.0659340659341,)(1885, 155.81643835616438,272.23835616438356,)(1886, 155.03296703296704,269.69505494505495,)(1887, 160.44383561643835,278.4356164383562,)(1888, 159.10382513661202,274.672131147541,)(1889, 157.96164383561643,277.34520547945203,)]
GM000004199, [ (1880, 40.26229508196721,124.02732240437159,)(1881, 34.276712328767125,119.81643835616438,)(1882, 38.50410958904109,126.53972602739726,)(1883, 36.52328767123288,119.56712328767124,)(1884, 42.54644808743169,128.96448087431693,)(1885, 36.31780821917808,125.8054794520548,)(1886, 41.224657534246575,126.61369863013698,)(1887, 28.063013698630137,112.16712328767123,)(1888, 33.06284153005465,113.28688524590164,)(1889, 35.78630136986301,112.7972602739726,)]
KZ000035700, [ (1881, 24.42608695652174,None ,)(1882, -116.38709677419355,None ,)(1885, -0.8114754098360656,43.08139534883721,)(1886, None ,118.64657534246575,)(1887, None ,244.1138211382114,)]
RSM00024944, [ (1882, -168.70909090909092,None ,)]
RSM00024959, [ (1888, 9.462962962962964,127.97619047619048,)(1889, -110.3490909090909,None ,)]
RSM00026063, [ (1881, -8.347945205479451,67.18956043956044,)(1882, 13.013698630136986,None ,)(1883, 4.638356164383562,69.97520661157024,)(1884, -2.0054644808743167,70.81967213114754,)(1885, 3.484931506849315,78.12328767123287,)(1886, 11.35890410958904,81.6986301369863,)(1887, 15.736986301369862,80.8054794520548,)(1888, -16.688524590163933,56.87978142076503,)(1889, 8.145205479452056,78.76986301369863,)]
RSM00026477, [ (1881, -25.818791946308725,53.68227424749164,)(1882, 22.011204481792717,94.00280112044818,)(1883, 17.175824175824175,97.31985294117646,)(1884, 15.41795665634675,107.80745341614907,)(1885, 20.38719512195122,107.60550458715596,)(1886, 6.466480446927374,97.80167597765363,)(1887, 21.936507936507937,109.66031746031746,)(1888, -22.275862068965516,73.253125,)(1889, 3.8550724637681157,106.2316715542522,)]
RSM00034163, [ (1884, -20.76502732240437,None ,)]
RSM00034880, [ (1881, 48.72054794520548,138.42191780821918,)(1882, 58.9013698630137,149.0,)(1883, 50.865753424657534,149.44383561643835,)(1884, 49.14754098360656,143.53551912568307,)(1885, 46.37808219178082,150.33972602739726,)(1886, 8.458563535911603,111.61878453038673,)(1889, -113.19354838709677,-62.516129032258064,)]
RSM00037472, [ (1882, 83.22802197802197,None ,)(1883, 83.6,None ,)(1884, 79.05464480874316,None ,)(1885, 53.983108108108105,None ,)(1886, 84.03013698630137,None ,)(1887, 92.5095890410959,None ,)(1888, 85.39890710382514,None ,)(1889, 82.81818181818181,None ,)]
SZ000002220, [ (1882, -49.33606557377049,-3.3140495867768593,)(1883, -49.42774566473989,21.222543352601157,)(1884, -45.11077844311377,12.09009009009009,)(1885, -37.747252747252745,16.365384615384617,)(1886, -42.488950276243095,17.480662983425415,)(1887, -49.70879120879121,11.76923076923077,)]
USC00034562, [ (1883, 162.864406779661,302.7345971563981,)(1884, 163.15238095238095,304.0373831775701,)(1885, 154.0193548387097,311.5388888888889,)(1886, 177.35658914728683,321.07042253521126,)(1887, 154.10185185185185,320.96666666666664,)(1888, 199.92929292929293,310.11242603550295,)(1889, 158.89221556886227,286.47513812154693,)]
USC00067361, [ (1884, -41.01639344262295,58.01639344262295,)(1885, 24.964285714285715,132.81593406593407,)(1886, 27.63141993957704,131.42296072507554,)(1887, 34.06868131868132,139.78021978021977,)(1888, 24.352459016393443,126.12841530054645,)(1889, 48.870523415977964,145.62809917355372,)]
USC00068138, [ (1888, 63.52336448598131,167.39252336448598,)(1889, 40.797260273972604,129.39221556886227,)]
USC00090284, [ (1883, -25.0,None ,)(1884, -26.95,361.0,)(1887, -24.375,None ,)(1888, -22.142857142857142,None ,)(1889, -20.130434782608695,None ,)]
USC00175070, [ (1885, 118.38709677419355,239.21875,)(1886, -109.10526315789474,205.42857142857142,)(1887, -3.625,242.1,)(1888, -21.7,226.33333333333334,)(1889, -33.22222222222222,235.21428571428572,)]
USC00177827, [ (1887, 10.390728476821192,108.95394736842105,)(1888, -180.4,-53.6,)]
USC00198374, [ (1885, 71.64673913043478,176.79738562091504,)(1886, 38.07123287671233,157.3945205479452,)(1887, 40.714285714285715,153.85479452054796,)(1888, 19.57704918032787,126.57377049180327,)(1889, 56.97260273972603,157.0986301369863,)]
USC00275072, [ (1885, 62.70909090909091,179.57818181818183,)(1886, 37.77124183006536,157.79738562091504,)(1887, 19.231197771587745,123.18994413407822,)(1888, 15.942424242424243,123.13432835820896,)(1889, 28.701219512195124,132.54954954954954,)]
USC00276944, [ (1887, -44.05434782608695,60.76086956521739,)(1888, -13.532786885245901,112.32876712328768,)]
USC00316103, [ (1882, 124.78260869565217,None ,)]
USC00318500, [ (1887, 21.622222222222224,130.5888888888889,)]
USC00354506, [ (1887, 35.75471698113208,187.32075471698113,)(1888, -9.5,110.31651376146789,)(1889, 20.49173553719008,159.85185185185185,)]
USC00413270, [ (1880, 71.58677685950413,215.95867768595042,)]
USC00464045, [ (1883, 88.4,200.74285714285713,)(1884, 50.076502732240435,166.94535519125682,)(1885, 40.273972602739725,148.18406593406593,)(1886, 49.153424657534245,158.3972602739726,)(1887, 59.90684931506849,167.17260273972602,)(1888, 59.78338278931751,148.31420765027323,)(1889, -20.903225806451612,65.06451612903226,)]
USW00014971, [ (1883, 103.61904761904762,194.45539906103286,)(1886, -23.824175824175825,92.86813186813187,)(1887, -76.07883817427386,98.51666666666667,)(1888, 29.879781420765028,152.224043715847,)(1889, 30.79940119760479,172.4311377245509,)]
USW00024121, [ (1888, -13.575091575091575,228.2087912087912,)(1889, -28.528767123287672,222.62191780821917,)]
USW00024157, [ (1889, 31.348684210526315,149.05882352941177,)]
