AGE00147719, [ (1888, 93.06590257879657,265.2011494252874,)(1889, 87.18213058419244,260.0740740740741,)]
ASN00031010, [ (1889, 228.9655172413793,306.9032258064516,)]
ASN00091049, [ (1884, 108.5,234.74074074074073,)]
BE000006447, [ (1880, 57.16120218579235,136.70218579234972,)(1881, 49.276712328767125,126.63287671232877,)(1882, 58.172602739726024,131.03287671232877,)(1883, 55.04383561643836,131.2986301369863,)(1884, 59.01639344262295,138.84699453551912,)(1885, 47.21369863013699,126.41917808219178,)(1886, 53.202739726027396,132.16986301369863,)(1887, 41.43561643835616,120.6986301369863,)(1888, 44.385245901639344,117.39344262295081,)(1889, 52.07397260273972,124.13698630136986,)]
CA001167635, [ (1882, -33.05084745762712,64.77966101694915,)(1883, 27.09880239520958,65.0754716981132,)(1884, 45.996350364963504,167.6970802919708,)(1888, 57.858108108108105,166.77027027027026,)(1889, 42.55807365439094,162.80845070422535,)]
CA003031093, [ (1881, -121.71641791044776,17.029850746268657,)(1882, -103.86324786324786,38.504273504273506,)(1884, -30.78804347826087,104.21739130434783,)(1885, -32.34550561797753,121.79213483146067,)(1886, -39.83835616438356,106.61917808219178,)(1887, -54.26575342465753,81.44383561643835,)(1888, -37.97540983606557,91.42622950819673,)(1889, -27.473972602739725,123.40273972602739,)]
CA003032680, [ (1885, 40.857142857142854,173.06349206349208,)(1886, -73.32727272727273,65.50909090909092,)]
CA004016560, [ (1883, -239.83870967741936,-107.35483870967742,)(1884, -82.13661202185793,52.275956284153004,)(1885, -59.057534246575344,75.0958904109589,)(1886, -61.73424657534247,77.21095890410959,)(1887, -74.68767123287671,61.36986301369863,)(1888, -308.741935483871,-203.67741935483872,)]
CA004028035, [ (1885, -108.41935483870968,1.8387096774193548,)(1886, -36.55922865013774,106.80716253443526,)(1887, -54.09041095890411,81.32328767123288,)(1888, -45.978142076502735,90.02185792349727,)(1889, -31.065753424657533,123.9013698630137,)]
CA006101658, [ (1888, 17.536723163841806,145.3370786516854,)(1889, -10.964383561643835,117.75616438356164,)]
CA006106362, [ (1880, -8.404371584699453,114.76229508196721,)(1881, 1.4945054945054945,122.85989010989012,)(1882, -5.529085872576177,110.35180055401662,)(1883, -23.26795580110497,99.43093922651934,)(1884, -17.724719101123597,106.73033707865169,)(1885, -18.18732782369146,103.0633608815427,)(1886, -6.237430167597766,108.9047619047619,)(1887, -14.443835616438356,109.0415512465374,)(1888, -92.5031055900621,25.012422360248447,)]
CA006149625, [ (1880, 14.114754098360656,130.18032786885246,)(1881, 11.246575342465754,133.74246575342465,)(1882, 10.225274725274724,126.48626373626374,)(1883, -10.641456582633053,109.27731092436974,)(1884, 2.8961748633879782,118.37978142076503,)(1885, -7.964383561643835,104.51506849315068,)(1886, 4.526027397260274,117.16712328767123,)(1887, 5.472527472527473,124.50824175824175,)(1888, -1.6830601092896176,114.36338797814207,)(1889, 16.63186813186813,126.34065934065934,)]
CA006150243, [ (1887, -6.315934065934066,106.89010989010988,)(1888, -18.060109289617486,92.33333333333333,)(1889, 1.1835616438356165,106.47123287671234,)]
CA007023240, [ (1880, 5.546448087431694,105.39617486338798,)(1881, 6.938028169014085,99.94647887323944,)(1882, 6.676880222841226,99.2284122562674,)(1883, -11.355371900826446,90.92561983471074,)(1884, 0.3342618384401114,101.79945054945055,)(1885, -10.36986301369863,85.98630136986301,)(1886, -2.2054794520547945,97.38630136986302,)(1887, -7.0,96.9041095890411,)(1888, -6.560109289617486,87.05737704918033,)(1889, 12.024657534246575,103.5095890410959,)]
CA007025280, [ (1880, 10.734972677595628,110.99180327868852,)(1881, 20.589041095890412,111.58082191780822,)(1882, 12.953424657534246,98.17808219178082,)(1883, -1.9698630136986301,89.47123287671234,)(1884, 9.327868852459016,98.06830601092896,)(1885, -0.536986301369863,86.04657534246576,)(1886, 8.361643835616439,97.23835616438356,)(1887, 5.890410958904109,95.64931506849315,)(1888, 3.2240437158469946,85.93989071038251,)(1889, 21.704109589041096,102.75890410958904,)]
CA007095000, [ (1885, -95.59715639810426,27.07035175879397,)]
CA008100500, [ (1880, -17.0,87.61980830670926,)(1881, -56.85087719298246,44.016949152542374,)(1882, -21.20655737704918,98.72786885245901,)(1883, -48.42238267148014,75.35018050541517,)(1884, -27.674418604651162,93.61627906976744,)(1885, -22.20234604105572,100.80351906158357,)(1886, -23.392156862745097,104.1484593837535,)(1887, -35.76601671309192,95.36944444444444,)(1888, -24.799418604651162,101.84507042253522,)(1889, -2.2521246458923514,127.47025495750708,)]
CA008204480, [ (1885, 4.576086956521739,141.56521739130434,)(1886, 0.8792270531400966,91.77830188679245,)(1887, -45.71910112359551,11.247191011235955,)(1888, -33.32258064516129,25.225806451612904,)]
CA008205698, [ (1880, -2.4562841530054644,99.13387978142076,)(1881, 7.673972602739726,96.84109589041095,)(1882, 3.43013698630137,93.44657534246575,)(1883, -3.2986301369863016,96.9068493150685,)(1884, 1.5765027322404372,96.35245901639344,)(1885, 3.3232876712328765,102.23561643835616,)(1886, 17.345205479452055,110.81369863013698,)(1887, 8.23013698630137,103.04931506849314,)(1888, 6.7349726775956285,97.47814207650273,)(1889, 24.824657534246576,122.62191780821918,)]
DA000021100, [ (1880, 49.885245901639344,106.38524590163935,)(1881, 33.31506849315068,84.86301369863014,)(1882, 57.33150684931507,106.41643835616438,)(1883, 49.775342465753425,100.41643835616438,)(1884, 57.87431693989071,107.76775956284153,)(1885, 45.104109589041094,93.9945205479452,)(1886, 42.875,97.41369863013699,)(1887, 44.97808219178082,97.13424657534246,)(1888, 38.98082191780822,87.04918032786885,)(1889, 55.26575342465753,104.16164383561645,)]
ITE00100550, [ (1880, 97.45901639344262,177.78415300546447,)(1881, 110.18356164383562,160.73150684931508,)(1882, 102.42465753424658,176.48219178082192,)(1883, 100.73698630136987,163.33424657534246,)(1884, 102.62021857923497,166.47540983606558,)(1885, 102.2986301369863,167.05205479452056,)(1886, 95.1041095890411,173.81917808219177,)(1887, 97.1013698630137,167.03835616438357,)(1888, 92.33879781420765,170.06284153005464,)(1889, 96.7013698630137,167.58904109589042,)]
RSM00022550, [ (1881, -17.97069597069597,42.73260073260073,)(1882, -10.113772455089821,41.90718562874252,)(1883, -7.616438356164384,45.11506849315069,)(1884, -31.76775956284153,23.10655737704918,)(1885, -32.81095890410959,30.389041095890413,)(1886, -11.715068493150685,39.843835616438355,)(1887, -17.073972602739726,40.81095890410959,)(1888, -40.10655737704918,17.956284153005466,)(1889, -8.016438356164384,44.47123287671233,)]
RSM00023711, [ (1888, -66.14851485148515,None ,)(1889, -36.19867549668874,None ,)]
RSM00030710, [ (1887, -78.5068493150685,65.66027397260274,)(1888, -86.73770491803279,55.71584699453552,)(1889, -91.28493150684932,47.18904109589041,)]
SZ000006717, [ (1880, -23.901639344262296,24.685792349726775,)(1881, -31.063013698630137,18.4986301369863,)(1882, -30.339726027397262,19.865753424657534,)(1883, -42.95890410958904,7.794520547945205,)(1884, -41.24863387978142,12.879781420765028,)(1885, -43.8054794520548,14.967123287671233,)(1886, -49.945205479452056,20.0986301369863,)(1887, -58.01917808219178,15.706849315068494,)(1888, -52.240437158469945,17.23224043715847,)(1889, -54.16438356164384,10.586301369863014,)]
UPM00033889, [ (1887, 58.777472527472526,186.91538461538462,)(1888, 46.723287671232875,192.6,)(1889, 40.193251533742334,143.70625,)]
UPM00033976, [ (1882, 101.21369863013699,150.6,)(1883, 48.14150943396226,90.39150943396227,)(1885, 101.17534246575343,148.55890410958904,)]
USC00012386, [ (1889, 95.36363636363636,None ,)]
USC00034988, [ (1883, 145.61290322580646,247.7741935483871,)(1884, 91.95879120879121,208.98901098901098,)(1885, 87.45429362880887,206.4793388429752,)(1886, -33.847457627118644,64.83050847457628,)]
USC00046115, [ (1888, 175.22282608695653,320.6358695652174,)(1889, 145.0,274.793427230047,)]
USC00047738, [ (1880, 109.67486338797814,188.77322404371586,)(1881, 117.14246575342466,200.0027397260274,)(1882, 115.23013698630137,197.013698630137,)(1883, 124.55068493150685,205.0027397260274,)(1884, 120.98087431693989,200.827868852459,)(1885, 129.3835616438356,210.36986301369862,)(1886, 125.16986301369863,198.14520547945204,)(1887, 123.27945205479452,195.46027397260275,)(1888, 131.82513661202185,199.18032786885246,)(1889, 127.40821917808219,212.0109589041096,)]
USC00174230, [ (1885, -25.348837209302324,57.252873563218394,)(1886, 6.108882521489972,112.81024096385542,)(1887, -24.786713286713287,75.11827956989248,)(1888, -6.509578544061303,74.6526717557252,)(1889, 31.09667673716012,116.67272727272727,)]
USC00190595, [ (1885, 79.84210526315789,165.40758293838863,)(1886, -1.539906103286385,81.67136150234742,)(1887, -99.72413793103448,-14.11864406779661,)(1888, 8.350819672131147,94.11475409836065,)(1889, 14.821138211382113,83.89430894308943,)]
USC00193625, [ (1885, -3.5543478260869565,None ,)(1886, 26.23076923076923,None ,)(1887, 27.635616438356163,None ,)(1888, 20.24858757062147,383.0,)(1889, 41.889830508474574,None ,)]
USC00194360, [ (1885, 15.119565217391305,90.22826086956522,)(1886, 46.15890410958904,126.5095890410959,)(1887, 43.74175824175824,123.66849315068494,)(1888, 36.48087431693989,115.17486338797814,)(1889, 58.635820895522386,131.5313432835821,)]
USC00194795, [ (1885, 74.33061224489796,178.58775510204083,)(1886, 32.88219178082192,138.87671232876713,)(1887, 36.9041095890411,136.32602739726028,)(1888, 25.161643835616438,125.94808743169399,)(1889, 45.48760330578512,142.58356164383562,)]
USC00201215, [ (1889, 126.96774193548387,214.20967741935485,)]
USC00202466, [ (1889, 149.11290322580646,272.2096774193548,)]
USC00252065, [ (1889, 181.82051282051282,292.37068965517244,)]
USC00261395, [ (1889, 86.73818181818181,205.3822393822394,)]
USC00268349, [ (1888, -20.283185840707965,127.92035398230088,)(1889, -2.9541547277936964,151.49137931034483,)]
USC00271682, [ (1880, 31.081967213114755,156.52732240437157,)(1881, 32.778082191780825,149.53150684931506,)(1882, 21.528767123287672,145.91232876712328,)(1883, 10.263013698630138,137.95342465753424,)(1884, 26.674863387978142,132.84972677595627,)(1885, 15.035616438356165,126.72328767123288,)(1886, 24.90684931506849,134.84931506849315,)(1887, 25.731506849315068,129.67123287671234,)(1888, 17.669398907103826,120.96174863387978,)(1889, 35.20821917808219,141.2931506849315,)]
USC00288878, [ (1880, 101.07945205479452,175.02739726027397,)(1881, -44.610169491525426,28.64406779661017,)(1887, 130.93406593406593,196.07142857142858,)(1888, 90.25956284153006,158.39617486338798,)(1889, 99.35068493150685,171.54246575342466,)]
USC00338366, [ (1880, 69.26502732240438,153.38524590163934,)(1881, 70.3013698630137,151.23013698630137,)(1882, 66.42465753424658,147.6821917808219,)(1883, 47.66301369863014,137.5945205479452,)(1884, 55.69125683060109,144.34972677595627,)(1885, 40.25205479452055,128.57260273972602,)(1886, 40.88767123287671,138.72328767123287,)(1887, 46.0027397260274,142.7945205479452,)(1888, 39.459016393442624,134.34699453551912,)(1889, 53.441095890410956,145.90684931506848,)]
USC00464897, [ (1889, 108.3723849372385,184.94979079497907,)]
USW00013984, [ (1885, 89.2,211.97551020408164,)(1886, 45.21917808219178,170.03561643835616,)(1887, 48.4027397260274,176.93150684931507,)(1888, 45.377049180327866,175.02459016393442,)(1889, 55.56164383561644,176.96164383561643,)]
USW00023068, [ (1884, 64.97005988023952,180.53592814371257,)(1888, 59.680851063829785,222.2127659574468,)(1889, 34.632876712328766,189.71506849315068,)]
