AGE00147716, [ (1880, None ,240.5191256830601,)(1881, 110.37086092715232,228.62406015037595,)(1882, 102.51506849315068,226.85474860335196,)(1883, 91.61356932153393,231.7159090909091,)(1884, 128.09562841530055,219.10655737704917,)(1885, 135.4640522875817,232.78758169934642,)(1886, 132.72980501392757,223.22033898305085,)(1887, 130.95211267605634,220.19774011299435,)(1888, 131.26404494382024,217.1629213483146,)(1889, 124.070796460177,214.40828402366864,)]
ASN00035027, [ (1889, 193.8860759493671,319.7037037037037,)]
ASN00038003, [ (1888, 158.525,328.0734463276836,)(1889, 176.67123287671234,329.94246575342464,)]
AU000011801, [ (1880, 36.8551912568306,136.9672131147541,)(1881, 36.14794520547945,131.0191780821918,)(1882, 37.827397260273976,136.1123287671233,)(1883, 31.964383561643835,125.83561643835617,)(1884, 44.5,126.22131147540983,)(1885, 40.76438356164383,132.46849315068494,)(1886, 46.57534246575342,130.83013698630137,)(1887, 39.42739726027397,118.0,)(1888, 42.08743169398907,120.05191256830601,)]
CA001100120, [ (1889, -13.595744680851064,65.31914893617021,)]
CA001105550, [ (1880, 39.055865921787706,120.70949720670392,)(1881, 47.108635097493035,130.35933147632312,)(1882, -19.796610169491526,30.016949152542374,)]
CA003034480, [ (1883, 63.56666666666667,97.16666666666667,)(1884, -19.391534391534393,92.45081967213115,)(1885, -17.134246575342466,129.39178082191782,)(1886, -18.898630136986302,123.8986301369863,)(1887, -39.20821917808219,96.55616438356165,)(1888, -23.120218579234972,105.97814207650273,)(1889, -8.558904109589042,134.22739726027396,)]
CA003072145, [ (1880, -97.4153005464481,50.22527472527472,)(1881, -78.27123287671233,59.843835616438355,)(1882, -81.19263456090651,70.77259475218659,)(1884, -4.292887029288703,141.5774058577406,)(1886, -114.51461988304094,34.771929824561404,)]
CA004016320, [ (1883, -18.30841121495327,102.96261682242991,)(1884, -70.48189415041783,48.51532033426184,)(1885, -50.635616438356166,65.96986301369863,)(1886, -53.12054794520548,74.22465753424657,)(1887, -68.13150684931507,53.153424657534245,)(1888, -55.80054644808743,58.778688524590166,)(1889, -34.58904109589041,102.89315068493151,)]
CA005012520, [ (1883, -118.67826086956522,6.9,)(1884, -82.37362637362638,41.797814207650276,)(1885, -75.15426997245179,53.0,)(1886, -79.04383561643836,63.30958904109589,)(1887, -87.8,51.78630136986301,)(1888, -82.47790055248619,47.467213114754095,)(1889, -66.65934065934066,88.85989010989012,)]
CA005062047, [ (1884, None ,-45.0,)(1885, -315.89230769230767,-215.3030303030303,)]
CA006055095, [ (1882, -35.78260869565217,50.09782608695652,)]
CA006085023, [ (1882, 88.64,217.12,)(1883, -95.42068965517241,47.234482758620686,)(1886, 17.48971193415638,141.3827160493827,)(1887, -47.83934426229508,113.93548387096774,)(1888, -35.21132075471698,108.45136186770428,)(1889, -38.403225806451616,119.78453038674033,)]
CA006102417, [ (1880, 19.841216216216218,144.565371024735,)(1881, 60.256410256410255,184.33185840707964,)(1882, -10.03323262839879,121.87987012987013,)(1883, -25.210227272727273,106.58753709198812,)(1884, -1.6254295532646048,134.7344827586207,)(1885, -36.7108843537415,113.5513698630137,)]
CA006108060, [ (1880, -28.311475409836067,100.5792349726776,)(1881, -23.03287671232877,109.96164383561644,)(1882, -26.4027397260274,98.37808219178082,)(1883, -51.706849315068496,83.74246575342465,)(1884, -35.37158469945355,95.30874316939891,)(1885, -49.6986301369863,84.24383561643836,)(1886, -40.9013698630137,95.21643835616439,)(1887, -45.24931506849315,98.4876712328767,)(1888, -41.82513661202186,86.56010928961749,)(1889, -16.616438356164384,106.23835616438356,)]
CA006111375, [ (1887, -51.12759643916914,100.74794520547945,)(1888, -44.704918032786885,86.83879781420765,)(1889, -20.18384401114206,105.49025069637884,)]
CA006119064, [ (1886, -7.451086956521739,124.64673913043478,)(1887, -38.12876712328767,99.2986301369863,)(1888, -53.81693989071038,93.91808873720136,)(1889, -25.03361344537815,107.26610644257703,)]
CA006142284, [ (1882, 7.8273972602739725,108.92328767123287,)(1883, -9.26801152737752,96.95348837209302,)(1885, -4.3076923076923075,96.36438356164383,)(1886, 5.989041095890411,104.04109589041096,)(1887, 5.698630136986301,109.34520547945205,)(1888, 2.2868852459016393,99.90163934426229,)(1889, 22.243835616438357,115.58630136986301,)]
CA006153192, [ (1880, 32.54644808743169,140.3415300546448,)(1881, 17.84931506849315,148.86301369863014,)(1882, 13.64931506849315,140.24383561643836,)(1883, 0.07945205479452055,125.9013698630137,)(1884, 10.376373626373626,137.3598901098901,)(1885, -5.843406593406593,121.12087912087912,)(1886, 6.336986301369863,132.7123287671233,)(1887, -6.440828402366864,136.5596590909091,)(1888, -58.50847457627118,55.78846153846154,)]
CA006164430, [ (1880, 11.304477611940298,125.7641791044776,)(1881, 3.83013698630137,123.81369863013698,)(1882, -0.6328767123287671,113.94520547945206,)(1883, -20.77900552486188,97.59116022099448,)(1884, -9.92054794520548,113.1978021978022,)(1885, -21.578082191780823,98.69589041095891,)(1886, -9.221917808219178,113.05205479452054,)(1887, -10.216438356164383,116.14520547945206,)(1888, -15.819672131147541,105.44535519125684,)(1889, 7.2027397260273975,113.8986301369863,)]
CA006165195, [ (1886, -114.98360655737704,-3.7868852459016393,)(1887, -38.93698630136986,115.81643835616438,)(1888, -41.377049180327866,100.5327868852459,)(1889, -15.849315068493151,117.48493150684932,)]
CA006166416, [ (1880, 6.469178082191781,126.9090909090909,)(1881, 10.316993464052288,131.77777777777777,)(1882, 6.112179487179487,122.7724358974359,)(1883, -7.728155339805825,107.91585760517799,)(1884, 11.141643059490084,123.11614730878188,)(1885, -7.942465753424657,110.5123287671233,)(1886, -3.6016483516483517,118.82142857142857,)(1887, -15.690751445086706,128.6986301369863,)]
CA007016280, [ (1880, -14.005464480874316,90.32786885245902,)(1881, -5.635616438356164,91.45205479452055,)(1882, -17.16986301369863,81.94794520547946,)(1883, -27.972602739726028,74.45753424657535,)(1884, -16.07123287671233,77.83835616438355,)(1885, -24.61917808219178,72.4931506849315,)(1886, -18.372602739726027,80.73424657534247,)(1887, -16.794520547945204,75.6986301369863,)(1888, -19.243169398907103,66.53825136612022,)(1889, 1.736986301369863,85.73972602739725,)]
CA008101700, [ (1880, -17.188524590163933,110.69398907103825,)(1881, -5.164383561643835,108.96986301369863,)(1882, -17.356164383561644,103.88493150684931,)(1883, -30.172602739726027,99.86849315068493,)(1884, -17.846994535519126,101.56557377049181,)(1885, -21.54794520547945,104.68767123287671,)(1886, -10.26849315068493,104.33150684931506,)(1887, -15.575342465753424,98.77808219178083,)(1888, -14.062841530054644,93.02459016393442,)(1889, 5.101369863013699,116.07123287671233,)]
CA008206490, [ (1880, 21.87123287671233,111.58904109589041,)(1881, 27.804532577903682,104.75428571428571,)(1882, 22.569014084507042,91.75071633237822,)(1883, 16.506849315068493,93.3972602739726,)(1884, 26.10928961748634,98.3415300546448,)(1885, 25.517808219178082,107.0864553314121,)(1886, 18.29106628242075,111.35795454545455,)(1887, 19.087671232876712,106.47945205479452,)(1888, 22.661202185792348,91.90163934426229,)(1889, 42.11506849315069,117.1972602739726,)]
CA008300441, [ (1880, -9.581967213114755,91.17213114754098,)(1881, -2.7793296089385473,86.62011173184358,)(1882, -10.746438746438747,82.80626780626781,)(1883, -17.506849315068493,88.24931506849315,)(1884, -14.07103825136612,80.57103825136612,)(1885, -9.824657534246576,91.72876712328767,)(1886, -4.082191780821918,96.7972602739726,)(1887, -11.876712328767123,88.84657534246575,)(1888, -11.238356164383562,82.36612021857924,)(1889, 8.6,110.42465753424658,)]
CA008403500, [ (1880, 0.04918032786885246,83.49726775956285,)(1881, 0.8410958904109589,83.75068493150685,)(1882, -6.120547945205479,88.59178082191781,)(1883, -7.201657458563536,106.2396694214876,)(1884, -11.084699453551913,80.74863387978142,)(1885, 7.293150684931507,88.99178082191781,)(1886, 9.115068493150686,96.6,)(1887, 1.073972602739726,89.90958904109588,)(1888, 3.2950819672131146,80.00819672131148,)(1889, 22.94413407821229,111.83240223463687,)]
HRE00105182, [ (1880, 41.306569343065696,139.62408759124088,)]
RSM00023804, [ (1888, -4.817843866171004,None ,)(1889, -29.395604395604394,None ,)]
RSM00027857, [ (1881, -29.468842729970326,None ,)(1882, -7.542465753424658,None ,)(1883, -11.347945205479451,None ,)(1884, -21.366120218579233,None ,)(1887, -7.6876712328767125,None ,)]
RSM00029348, [ (1887, 94.0,247.0,)]
UK000003026, [ (1880, 54.516417910447764,110.76785714285714,)(1881, 40.90958904109589,98.95342465753424,)(1882, 51.1945205479452,107.4423076923077,)(1883, 49.3502994011976,105.91044776119404,)(1884, 50.994535519125684,109.40710382513662,)(1885, 41.23013698630137,99.8958904109589,)(1886, 39.298630136986304,102.2,)(1887, 45.64657534246575,105.77260273972603,)(1888, 43.05191256830601,101.33060109289617,)(1889, 50.75068493150685,109.16712328767123,)]
UK000056225, [ (1880, 59.967213114754095,134.1120218579235,)(1881, 55.22802197802198,132.85479452054796,)(1882, 64.47397260273972,138.3041095890411,)(1883, 62.02465753424657,136.5013698630137,)(1884, 64.82513661202186,144.28688524590163,)(1885, 54.172602739726024,129.56712328767122,)(1886, 55.8027397260274,129.5945205479452,)(1887, 46.00547945205479,129.06849315068493,)(1888, 52.0,122.8688524590164,)(1889, 54.93972602739726,128.45205479452054,)]
UPM00033910, [ (1885, 53.484931506849314,None ,)(1886, 56.92328767123288,None ,)(1887, 62.26575342465753,None ,)(1889, 52.54545454545455,None ,)]
UPM00033946, [ (1886, 87.04081632653062,None ,)(1887, 58.667655786350146,None ,)(1888, 51.885714285714286,None ,)(1889, 57.970238095238095,None ,)]
USC00023096, [ (1883, 161.49382716049382,306.65432098765433,)(1889, 118.90119760479043,212.73952095808383,)]
USC00035186, [ (1884, 121.38271604938272,291.18407960199005,)(1885, 167.5,297.67597765363126,)(1886, 180.4240506329114,301.6158536585366,)(1887, 163.37878787878788,300.29891304347825,)(1888, 164.17877094972067,300.5195530726257,)(1889, 131.08878504672896,260.1121495327103,)]
USC00043157, [ (1880, None ,150.98907103825135,)(1881, None ,179.92602739726027,)(1882, 23.240816326530613,184.34057971014494,)(1883, -10.257534246575343,170.4904109589041,)(1884, 15.836065573770492,151.80054644808743,)(1885, 41.77302631578947,180.92763157894737,)(1886, 28.980821917808218,159.52307692307693,)(1887, 20.432876712328767,164.04109589041096,)(1888, 27.811475409836067,172.76775956284152,)(1889, 28.410958904109588,175.0,)]
USC00194012, [ (1885, 6.6878453038674035,154.675,)(1888, 27.401960784313726,168.0033222591362,)]
USC00194405, [ (1885, 114.17391304347827,183.22826086956522,)(1886, 120.17934782608695,194.80978260869566,)(1887, 123.88586956521739,191.52717391304347,)]
USC00195317, [ (1887, -16.36842105263158,81.02631578947368,)(1888, -85.85393258426966,16.786516853932586,)]
USC00196988, [ (1884, -52.205882352941174,1.3055555555555556,)(1885, 19.796143250688704,102.3489010989011,)(1886, 31.02747252747253,111.13150684931507,)(1887, 24.9010989010989,107.08493150684932,)(1888, 15.382513661202186,92.3743169398907,)(1889, -20.41304347826087,50.108695652173914,)]
USC00241418, [ (1882, -78.0,-11.0,)]
USC00260507, [ (1887, -13.340659340659341,91.17582417582418,)(1888, 33.34530386740332,163.19945355191257,)(1889, 17.314685314685313,175.13636363636363,)]
USC00266252, [ (1888, 14.446022727272727,183.33879781420765,)(1889, 6.798165137614679,198.57808219178082,)]
USC00301010, [ (1880, 48.650273224043715,121.90983606557377,)(1881, 45.054794520547944,124.66027397260274,)(1882, 46.915068493150685,119.23561643835616,)(1883, 30.5972602739726,114.75342465753425,)(1884, 37.549180327868854,119.66939890710383,)(1885, 27.69041095890411,108.16438356164383,)(1886, 40.44931506849315,120.83561643835617,)(1887, 42.515068493150686,126.9972602739726,)(1888, 32.96448087431694,108.93989071038251,)(1889, 49.484931506849314,119.78356164383561,)]
USC00422996, [ (1887, -378.2903225806452,-44.61290322580645,)(1888, -44.89344262295082,164.7431693989071,)(1889, -5.380821917808219,153.46849315068494,)]
USC00431072, [ (1883, None ,-5.032258064516129,)(1884, -66.7109375,110.88709677419355,)(1885, -92.90265486725664,116.54573170731707,)(1886, -65.1328125,89.93928571428572,)(1887, -73.12037037037037,92.36531365313652,)(1888, -83.29166666666667,101.80124223602485,)(1889, -44.408,118.7109634551495,)]
USC00463100, [ (1882, -14.107142857142858,97.78571428571429,)]
USC00475484, [ (1880, 40.92622950819672,128.12295081967213,)(1881, 42.104109589041094,121.76986301369863,)(1882, 48.4027397260274,124.89315068493151,)(1883, 22.345205479452055,106.33698630136986,)(1884, 26.0327868852459,110.49726775956285,)(1885, 12.961643835616439,99.65753424657534,)(1886, 25.397260273972602,115.37808219178082,)(1887, 28.301369863013697,117.12602739726027,)(1888, 22.10655737704918,105.00546448087432,)(1889, 39.010958904109586,118.32328767123288,)]
USW00024274, [ (1880, 61.568306010928964,148.97540983606558,)(1881, 74.21917808219177,158.7780821917808,)(1882, 69.46301369863014,162.013698630137,)(1883, 69.30684931506849,165.14794520547946,)(1884, 64.58743169398907,164.23224043715848,)(1885, 73.43013698630136,189.44657534246576,)(1886, 70.46027397260274,171.4931506849315,)(1887, 65.4986301369863,162.06849315068493,)(1888, 69.7568306010929,173.1120218579235,)(1889, 71.93424657534247,181.4931506849315,)]
USW00053875, [ (1880, 114.5846994535519,207.75409836065575,)(1881, 115.65205479452055,211.85205479452054,)(1882, 115.97534246575343,208.42739726027398,)(1883, 113.83287671232877,214.16438356164383,)(1884, 107.99180327868852,208.3551912568306,)(1885, 97.77260273972603,197.06575342465754,)(1886, 92.25205479452055,199.3068493150685,)(1887, 104.66027397260274,215.75068493150684,)(1888, 105.27049180327869,211.54371584699453,)(1889, 102.95616438356164,213.33424657534246,)]
USW00093820, [ (1887, -11.491803278688524,95.09836065573771,)(1888, 69.40947075208913,176.12707182320443,)(1889, 84.11428571428571,180.5742857142857,)]
