AGE00147712, [ (1886, None ,170.0,)(1887, 79.375,230.41129032258064,)(1888, 106.9882697947214,249.09117647058824,)(1889, 91.06666666666666,215.9455252918288,)]
ASN00026026, [ (1884, 94.87931034482759,187.10526315789474,)(1885, 93.16712328767123,182.44729344729345,)(1886, 91.87945205479453,187.35616438356163,)(1887, 94.06301369863014,187.1917808219178,)(1888, 91.42622950819673,189.2431693989071,)(1889, 94.78904109589041,191.25753424657535,)]
ASN00033046, [ (1889, 224.16949152542372,291.1551724137931,)]
ASN00056017, [ (1880, 75.8932584269663,225.62640449438203,)(1881, 67.28289473684211,220.68975903614458,)(1882, 60.14159292035398,221.11209439528022,)(1883, 52.16022099447514,232.4931129476584,)(1884, 72.86944444444444,241.19166666666666,)(1885, 116.52452830188679,243.46212121212122,)(1886, 100.75637393767705,230.6590909090909,)(1887, 99.03835616438356,208.9890410958904,)(1888, 89.43989071038251,220.39890710382514,)(1889, 113.90082644628099,215.05769230769232,)]
ASN00074128, [ (1880, 85.58441558441558,233.41479099678457,)(1881, 77.69871794871794,235.74679487179486,)(1882, 85.4,247.8483870967742,)(1883, 83.86816720257235,242.86495176848874,)(1884, 75.37179487179488,252.74358974358975,)(1885, 76.87459807073955,260.5176848874598,)(1886, 69.2508038585209,269.46945337620576,)(1887, 77.68589743589743,270.9392971246006,)(1888, 67.95806451612903,272.84565916398714,)(1889, 84.60322580645162,266.78709677419357,)]
CA003012195, [ (1880, -39.47674418604651,76.27906976744185,)(1881, -70.70890410958904,44.43728813559322,)(1882, -53.17796610169491,75.05633802816901,)(1883, -64.55014326647564,71.59312320916905,)(1884, -60.01652892561984,78.65564738292011,)(1885, -42.40547945205479,96.16712328767123,)(1886, -53.556164383561644,83.16712328767123,)(1887, -76.25641025641026,65.29235880398672,)(1888, -47.060109289617486,77.54098360655738,)(1889, -15.112328767123287,116.6054794520548,)]
CA003033879, [ (1886, 35.877450980392155,168.83333333333334,)(1887, -208.72881355932202,-99.89830508474576,)]
CA003050520, [ (1887, -193.41176470588235,-74.17647058823529,)(1888, -134.1931818181818,-7.034090909090909,)(1889, -86.03973509933775,59.794701986754966,)]
CA003072657, [ (1883, -181.83132530120483,-109.92682926829268,)(1884, -82.10684931506849,23.189560439560438,)(1885, -71.28531855955679,22.448467966573816,)(1886, -89.40495867768595,-4.002754820936639,)(1887, -188.125,-106.06008583690988,)(1888, -49.58361774744027,34.59154929577465,)(1889, -67.59025787965616,24.616045845272208,)]
CA004013400, [ (1880, -278.11842105263156,-142.58441558441558,)]
CA006105887, [ (1880, 6.108333333333333,120.81111111111112,)(1881, -50.064516129032256,55.70322580645161,)(1882, -34.59782608695652,40.67391304347826,)(1883, -17.36986301369863,89.14246575342466,)(1884, -15.857534246575343,104.37808219178082,)(1885, -21.912328767123288,85.46301369863014,)(1886, -8.906849315068493,92.42465753424658,)(1887, -11.535714285714286,100.4532967032967,)(1888, -8.375342465753425,95.47945205479452,)(1889, 6.482191780821918,112.07671232876713,)]
CA006107003, [ (1885, 1.79672131147541,129.33770491803278,)(1886, -21.5,107.96338028169014,)(1887, -24.707988980716255,110.72176308539945,)(1888, -14.48396501457726,117.25217391304348,)(1889, -7.915966386554622,121.88397790055248,)]
CA006110549, [ (1880, 8.178571428571429,116.79945054945055,)(1881, 8.81043956043956,124.85989010989012,)(1882, 10.038461538461538,118.4065934065934,)(1883, -8.857534246575343,98.75342465753425,)(1884, 2.5835616438356164,109.11232876712329,)(1885, -10.376373626373626,93.72802197802197,)(1886, -0.3259668508287293,113.8393351800554,)(1887, 2.087912087912088,114.87637362637362,)]
CA006113660, [ (1880, -42.06716417910448,86.32835820895522,)(1881, -36.8159509202454,115.2469512195122,)(1882, -32.384892086330936,122.36071428571428,)(1883, -29.22222222222222,97.04746835443038,)(1884, -8.47985347985348,108.82051282051282,)(1885, -90.37810945273633,29.218905472636816,)]
CA006136694, [ (1880, 34.068306010928964,140.15300546448088,)(1881, 32.95068493150685,141.92876712328768,)(1882, 33.57534246575342,127.38630136986302,)(1883, 9.926027397260274,126.07558139534883,)(1884, 19.97814207650273,126.33333333333333,)(1885, 6.260273972602739,112.89315068493151,)(1886, 21.583561643835615,125.08493150684932,)(1887, 23.69041095890411,124.87671232876713,)(1888, 16.398907103825138,110.1775956284153,)(1889, 33.07945205479452,125.5013698630137,)]
CA006139520, [ (1880, 39.3343949044586,149.64012738853503,)(1881, 36.16932907348243,149.65495207667732,)(1882, 37.26282051282051,144.01282051282053,)(1883, 19.511182108626198,133.56230031948883,)(1884, 25.9171974522293,143.0859872611465,)(1885, 13.217252396166135,128.65495207667732,)(1886, 25.156549520766774,144.89456869009584,)(1887, 24.4185303514377,146.2523961661342,)]
CA006143780, [ (1880, -35.15533980582524,59.22018348623853,)(1881, 27.395833333333332,128.03424657534248,)(1887, -51.77777777777778,35.28169014084507,)(1888, 7.5182926829268295,121.52134146341463,)]
CA007050200, [ (1880, 20.009615384615383,96.90291262135922,)(1881, -13.386430678466077,49.32941176470588,)(1882, -16.627397260273973,44.4027397260274,)(1883, -23.931506849315067,34.88493150684931,)(1884, -27.44808743169399,30.524590163934427,)(1885, -16.068493150684933,37.97534246575343,)(1886, -5.720547945205479,49.608219178082194,)(1887, -14.306849315068494,40.01917808219178,)(1888, -7.076502732240437,47.59836065573771,)(1889, -0.4849315068493151,53.553424657534244,)]
CA008103100, [ (1881, 50.29447852760736,112.37423312883436,)(1882, -90.08403361344538,-22.361344537815125,)]
CA008104600, [ (1880, 24.80952380952381,104.05191256830601,)(1881, 17.89041095890411,102.13698630136986,)(1882, 6.008219178082192,98.35616438356165,)(1883, -2.9945205479452053,94.47671232876712,)(1884, 3.978142076502732,97.93715846994536,)(1885, -0.0410958904109589,97.22465753424657,)(1886, 4.671232876712328,105.6082191780822,)(1887, 0.9424657534246575,100.21369863013699,)(1888, -0.1092896174863388,92.62295081967213,)(1889, 18.561643835616437,113.88219178082191,)]
CA008200300, [ (1880, -15.714776632302405,96.01027397260275,)(1881, -3.6955128205128207,103.0576923076923,)(1882, 22.965986394557824,103.61754385964912,)(1883, -26.395061728395063,83.82644628099173,)(1884, -2.5532646048109964,106.42268041237114,)(1885, -111.72093023255815,3.011627906976744,)]
CA008401600, [ (1880, 30.027322404371585,63.46994535519126,)]
DA000025140, [ (1880, 55.58126721763085,113.04383561643836,)(1881, 36.895890410958906,91.91780821917808,)(1882, 59.20879120879121,109.73150684931507,)(1883, 52.04931506849315,105.84109589041095,)(1884, 56.494535519125684,113.79234972677595,)(1885, 46.07397260273972,100.40821917808219,)(1886, 46.032876712328765,100.41917808219178,)(1887, 42.602739726027394,99.67397260273972,)(1888, 41.0,91.39071038251366,)(1889, 52.47945205479452,107.84657534246575,)]
GLE00100981, [ (1880, -36.093877551020405,None ,)(1881, -74.66575342465754,None ,)(1882, -104.91506849315068,None ,)(1883, -85.47397260273972,None ,)(1884, -126.18611111111112,None ,)(1885, -83.55681818181819,None ,)(1886, -104.61369863013698,None ,)(1887, -111.71954674220963,None ,)(1888, -93.74590163934427,None ,)(1889, -89.23287671232876,None ,)]
GM000003319, [ (1880, 61.978142076502735,140.35245901639345,)(1881, 48.38082191780822,125.21095890410959,)(1882, 59.33150684931507,137.9808219178082,)(1883, 41.33424657534247,129.4849315068493,)(1884, 46.68852459016394,137.30327868852459,)(1885, 41.463013698630135,126.40821917808219,)(1886, 39.0027397260274,131.13972602739727,)(1887, 49.657534246575345,121.66027397260274,)(1888, 45.48360655737705,115.98360655737704,)(1889, 55.93698630136986,124.82465753424657,)]
RSM00029263, [ (1884, -60.82779456193354,None ,)(1885, -75.18904109589042,None ,)(1886, -66.7013698630137,None ,)(1887, -73.16438356164383,163.77011494252875,)(1888, -77.4375,None ,)(1889, -78.34246575342466,None ,)]
RSM00031369, [ (1881, -260.82142857142856,None ,)(1883, -14.766666666666667,None ,)(1884, -83.46666666666667,None ,)(1885, -79.15702479338843,None ,)(1886, -61.00568181818182,None ,)(1887, -64.48474576271187,None ,)(1888, -60.90633608815427,None ,)(1889, -59.17065868263473,None ,)]
TSE00147769, [ (1886, 140.3840579710145,233.2626728110599,)(1887, 116.95774647887323,231.7134831460674,)(1888, 117.39520958083833,231.70278637770897,)(1889, 116.2262996941896,229.27051671732522,)]
TSE00147775, [ (1886, 168.51282051282053,254.18367346938774,)(1887, 155.98554913294797,229.3984962406015,)(1888, 157.72727272727272,219.51704545454547,)(1889, 145.6024096385542,236.15615615615616,)]
TX000038763, [ (1883, 211.25,None ,)(1885, 56.59322033898305,199.0,)(1889, 61.98913043478261,None ,)]
USC00090430, [ (1884, 129.4,250.78775510204082,)(1885, 86.02465753424657,201.74794520547945,)(1886, 92.55068493150685,203.45205479452054,)(1887, 97.56712328767124,198.5808219178082,)(1888, 106.56557377049181,222.84426229508196,)(1889, 113.68493150684931,214.6027397260274,)]
USC00117391, [ (1880, 151.6413043478261,281.9347826086956,)(1888, -43.58064516129032,53.45161290322581,)(1889, 44.654794520547945,158.46027397260275,)]
USC00192010, [ (1885, 3.265625,None ,)(1886, -15.75414364640884,4.387096774193548,)(1887, 4.161184210526316,112.52805280528052,)(1888, 18.75414364640884,128.95580110497238,)(1889, 39.010989010989015,144.87016574585635,)]
USC00195145, [ (1888, 134.79508196721312,222.88333333333333,)(1889, 97.40579710144928,165.44174757281553,)]
USC00197122, [ (1889, 180.55737704918033,244.49180327868854,)]
USC00215638, [ (1886, -9.591780821917808,103.41208791208791,)(1887, -17.575342465753426,95.30684931506849,)(1888, -13.502732240437158,86.67397260273972,)(1889, 3.336986301369863,115.52876712328766,)]
USC00263515, [ (1887, -33.07692307692308,60.175,)(1888, -2.4257425742574257,127.79,)(1889, 105.20276497695852,261.6857142857143,)]
USC00271678, [ (1884, -46.57377049180328,52.36065573770492,)(1885, 15.276712328767124,124.92876712328767,)(1886, 24.942465753424656,132.8027397260274,)(1887, 25.80821917808219,128.4027397260274,)(1888, 17.469945355191257,119.47814207650273,)(1889, 35.23835616438356,139.3901098901099,)]
USC00278440, [ (1886, 30.936893203883496,178.1504854368932,)(1887, -8.063186813186814,133.7041095890411,)(1888, -10.844262295081966,121.74590163934427,)(1889, 0.0,322.0,)]
USC00278854, [ (1885, 42.840375586854464,160.11057692307693,)(1886, 0.949438202247191,113.87845303867404,)(1887, 5.88515406162465,111.17058823529412,)(1888, -15.397553516819572,105.18983050847457,)(1889, 14.927007299270073,112.61924686192468,)]
USC00278875, [ (1885, 44.90217391304348,150.2336956521739,)(1886, -106.03389830508475,-32.13559322033898,)]
USC00300958, [ (1886, 30.184782608695652,119.27173913043478,)(1887, 74.07756232686981,158.05277777777778,)(1888, 26.113300492610836,81.34358974358975,)(1889, 45.99173553719008,116.7457627118644,)]
USC00307633, [ (1885, 82.13071895424837,154.86928104575162,)(1886, 63.057534246575344,142.0191780821918,)(1887, 65.53972602739726,144.24657534246575,)(1888, 57.478142076502735,136.0,)(1889, 21.278145695364238,97.98675496688742,)]
USC00313228, [ (1882, None ,-27.0,)]
USC00406012, [ (1883, 20.5,138.45,)]
USC00413257, [ (1880, 118.80601092896175,234.54644808743168,)(1881, 115.32463768115942,221.04347826086956,)(1882, 113.95541401273886,243.38535031847132,)(1883, -8.26530612244898,137.9387755102041,)]
USW00012945, [ (1883, 196.2394366197183,325.92056074766356,)(1884, 192.85981308411215,313.4766355140187,)(1885, 198.58695652173913,301.0869565217391,)(1886, 197.00980392156862,306.4019607843137,)(1887, 192.65217391304347,317.19565217391306,)(1888, 193.45054945054946,297.38461538461536,)]
USW00014898, [ (1886, -9.049180327868852,82.71311475409836,)(1887, 9.852054794520548,110.41643835616438,)(1888, 4.959016393442623,98.57650273224044,)(1889, 22.06027397260274,113.27397260273973,)]
USW00023271, [ (1880, 86.46027397260274,203.78630136986303,)(1881, 99.56164383561644,214.45479452054795,)(1882, 93.37362637362638,212.28021978021977,)(1883, 93.07945205479452,219.46849315068494,)(1884, 98.73497267759562,211.71038251366122,)(1885, 110.64931506849315,229.6767123287671,)(1886, 94.27222222222223,217.825,)(1887, 87.87123287671233,228.08767123287672,)(1888, 97.72328767123288,230.53698630136986,)(1889, 96.44109589041096,225.21369863013697,)]
USW00053919, [ (1883, 151.36,293.58152173913044,)(1884, 153.56140350877192,293.2083333333333,)(1885, 172.93023255813952,301.9022988505747,)(1886, 174.6457142857143,306.1333333333333,)(1887, 118.45238095238095,316.3809523809524,)(1888, 116.6875,242.25,)(1889, 103.90322580645162,257.06451612903226,)]
USW00093852, [ (1880, 174.2295081967213,259.0136612021858,)(1881, 173.5917808219178,257.9013698630137,)(1882, 174.90684931506848,258.6082191780822,)(1883, 175.6931506849315,260.7917808219178,)(1884, 167.94808743169398,255.37158469945356,)(1885, 159.42191780821918,247.27671232876713,)(1886, 155.86575342465753,245.43561643835616,)(1887, 155.53424657534248,252.73150684931508,)(1888, 159.4808743169399,257.344262295082,)(1889, 151.2931506849315,253.62465753424658,)]
UZM00038457, [ (1881, 116.0,240.63837638376384,)(1882, 104.96026490066225,198.76923076923077,)(1883, 105.08088235294117,216.35029940119762,)(1884, 139.34444444444443,168.28476821192052,)(1889, -127.61290322580645,None ,)]
