AGE00135039, [ (1884, 126.60606060606061,215.27272727272728,)(1885, 140.95068493150686,239.1023102310231,)(1886, 143.33241758241758,227.46107784431138,)(1887, 142.0775623268698,221.58904109589042,)(1888, 136.02203856749313,220.0986301369863,)(1889, 125.58739255014326,212.13698630136986,)]
AGE00147717, [ (1880, 72.45628415300547,233.9917808219178,)(1881, 87.36712328767123,248.38082191780822,)(1882, 18.441666666666666,238.2054794520548,)(1883, 90.51785714285714,238.77380952380952,)(1884, 84.81420765027322,218.8870056497175,)(1885, 75.76415094339623,235.5693641618497,)(1886, 89.64309764309765,248.92128279883383,)(1887, 88.26849315068493,243.46153846153845,)(1888, 77.46556473829202,235.28925619834712,)(1889, 71.63636363636364,228.19819819819818,)]
AJ000037735, [ (1882, 96.55228758169935,210.9346405228758,)]
AM000037789, [ (1886, 45.172602739726024,None ,)(1887, 49.21643835616438,None ,)(1888, -15.262295081967213,None ,)(1889, 62.76438356164383,None ,)]
ASN00015540, [ (1880, 124.64207650273224,306.5109289617486,)(1881, 133.05205479452056,303.55890410958904,)(1882, 133.57260273972602,284.91506849315067,)(1883, 120.37637362637362,298.05753424657536,)(1884, 126.74863387978142,299.6639344262295,)(1885, 118.48901098901099,296.6849315068493,)(1886, 124.30684931506849,295.1868131868132,)(1887, 122.47397260273972,289.90410958904107,)(1888, 133.2554945054945,301.22677595628414,)(1889, 139.15890410958903,301.213698630137,)]
ASN00076077, [ (1889, 96.86138613861387,225.26237623762376,)]
AU000005010, [ (1880, 49.94808743169399,122.77322404371584,)(1881, 40.084931506849315,111.52602739726028,)(1882, 49.43287671232877,122.8082191780822,)(1883, 45.8027397260274,116.21917808219177,)(1884, 49.60109289617486,124.83333333333333,)(1885, 45.26301369863014,121.13972602739726,)(1886, 49.1945205479452,120.56438356164384,)(1887, 40.054794520547944,110.43287671232876,)(1888, 40.51912568306011,109.35792349726776,)(1889, 44.29041095890411,109.48493150684932,)]
CA004013480, [ (1889, -88.67272727272727,52.1875,)]
CA005022547, [ (1880, -65.80601092896175,62.44808743169399,)(1881, -53.50410958904109,77.06027397260274,)(1882, -77.54605263157895,57.36842105263158,)(1883, -87.62191780821918,52.6986301369863,)(1884, -76.9672131147541,57.40710382513661,)(1885, -52.68904593639576,78.85159010600707,)]
CA005022790, [ (1880, -59.581717451523545,63.96338028169014,)(1881, -39.51304347826087,105.46666666666667,)(1882, None ,77.98520710059172,)(1883, -68.53221288515407,46.39171974522293,)(1884, -62.24657534246575,59.87123287671233,)(1885, -71.55524861878453,67.57617728531856,)(1886, -60.035714285714285,75.50824175824175,)(1887, -70.20821917808219,65.24657534246575,)(1888, -61.40163934426229,69.58196721311475,)(1889, -44.443835616438356,100.18630136986302,)]
CA005063350, [ (1880, -133.3306010928962,-43.904371584699454,)(1881, -118.65205479452055,-18.378082191780823,)(1882, -106.68219178082192,-4.16986301369863,)(1883, -220.9880239520958,-130.67664670658684,)(1885, -177.6086956521739,-117.81521739130434,)(1886, -125.3013698630137,-39.515068493150686,)(1887, -150.42739726027398,-60.704109589041096,)(1888, -133.92896174863387,-53.404371584699454,)(1889, -115.25943396226415,-22.30188679245283,)]
CA006057595, [ (1889, 24.04,130.725,)]
CA006100969, [ (1885, 28.350993377483444,122.58940397350993,)(1886, 14.73816155988858,113.6878453038674,)]
CA006101872, [ (1880, 8.969945355191257,121.81693989071039,)(1881, 14.136986301369863,120.79452054794521,)(1882, 6.695890410958904,110.77808219178083,)(1883, -8.975342465753425,103.96712328767123,)(1884, 3.210382513661202,109.74863387978142,)(1885, -6.901369863013699,97.46301369863014,)(1886, 1.4465753424657535,109.98901098901099,)(1887, -2.6904109589041094,108.22191780821917,)]
CA006110458, [ (1889, -45.98360655737705,43.47540983606557,)]
CA006110605, [ (1880, -17.1775956284153,104.93442622950819,)(1881, -12.126027397260273,116.79178082191781,)(1882, -18.528767123287672,103.2986301369863,)(1883, -38.99178082191781,84.86301369863014,)(1884, -22.3551912568306,95.34520547945205,)(1885, -32.0986301369863,80.13424657534246,)(1886, -21.421917808219177,92.67671232876712,)(1887, -26.257534246575343,97.28219178082192,)(1888, -26.595628415300546,84.10928961748634,)(1889, -1.5178082191780822,102.88493150684931,)]
CA006112171, [ (1882, 13.204918032786885,94.48360655737704,)(1883, -0.7890410958904109,85.69315068493151,)(1884, 11.221917808219178,101.10684931506849,)(1885, -2.304109589041096,86.47802197802197,)(1886, 10.537396121883656,103.06060606060606,)(1887, 9.069832402234637,106.05263157894737,)(1888, -1.5534246575342465,93.4532967032967,)(1889, 18.220055710306408,111.6340782122905,)]
CA006116128, [ (1880, 15.78688524590164,117.68032786885246,)(1881, 20.136986301369863,128.03013698630136,)(1882, 9.167123287671233,110.48219178082192,)(1883, -14.199445983379501,92.14681440443213,)(1884, -6.502732240437158,101.21095890410959,)(1885, -24.057692307692307,84.68406593406593,)(1886, 4.851485148514851,102.3036303630363,)(1887, -10.437673130193906,113.36754966887418,)(1888, 10.626865671641792,109.83283582089553,)(1889, 12.386301369863014,111.76438356164384,)]
CA006122845, [ (1880, 39.63387978142077,119.19125683060109,)(1881, 36.55068493150685,119.78356164383561,)(1882, 41.02465753424657,119.36986301369863,)(1883, 17.027397260273972,102.45479452054795,)(1884, 29.07103825136612,112.60928961748634,)(1885, 10.95068493150685,97.8986301369863,)(1886, 23.065753424657533,108.66027397260274,)(1887, 24.361643835616437,112.69589041095891,)]
CA006140941, [ (1881, 74.35249042145594,202.05343511450383,)(1882, 21.99142857142857,131.8942857142857,)(1883, -42.121212121212125,69.74242424242425,)(1884, 8.786703601108034,127.65927977839335,)(1885, -4.590909090909091,111.2215909090909,)(1886, 27.87037037037037,127.10364145658264,)(1887, 17.02770083102493,135.6778711484594,)(1888, 6.59065934065934,122.57575757575758,)(1889, -34.20666666666666,74.63333333333334,)]
CA006144505, [ (1883, 27.326797385620914,139.52287581699346,)(1884, 13.167123287671233,119.95342465753424,)(1885, 1.5041095890410958,103.7972602739726,)(1886, 14.578082191780823,116.37534246575342,)(1887, 17.873972602739727,120.44109589041096,)(1888, 10.565573770491802,110.13661202185793,)(1889, 27.553424657534247,126.54246575342465,)]
CA006147340, [ (1888, -57.064516129032256,10.32258064516129,)(1889, 21.019178082191782,125.9972602739726,)]
CA006158350, [ (1880, 30.918032786885245,118.86065573770492,)(1881, 32.93150684931507,124.21369863013699,)(1882, 31.076712328767123,117.89315068493151,)(1883, 6.402739726027397,100.95616438356164,)(1884, 16.516393442622952,111.07103825136612,)(1885, 4.287671232876712,98.61643835616438,)(1886, 18.03287671232877,110.02739726027397,)(1887, 19.356164383561644,114.6054794520548,)(1888, 13.60655737704918,105.74863387978142,)(1889, 32.704109589041096,118.75068493150685,)]
CA006163156, [ (1888, 26.438095238095237,145.6904761904762,)(1889, -4.002747252747253,108.51780821917808,)]
CA007056067, [ (1880, -29.204918032786885,62.387978142076506,)(1881, -22.336088154269973,67.3030303030303,)(1882, -31.767123287671232,57.79178082191781,)(1883, -43.92602739726028,55.66301369863014,)(1884, -43.81147540983606,51.17486338797814,)(1885, -29.1768115942029,52.0986301369863,)(1886, -29.775342465753425,57.83835616438356,)(1887, -36.986301369863014,50.0986301369863,)(1888, -36.224043715846996,48.95628415300546,)(1889, -19.40821917808219,66.43561643835616,)]
CA008104800, [ (1880, 10.53825136612022,88.33060109289617,)(1881, 14.835616438356164,87.23835616438356,)(1882, 5.361643835616438,81.26301369863013,)(1883, -1.8969359331476323,86.85793871866295,)(1884, 0.23224043715846995,89.59289617486338,)(1885, -2.3917808219178083,91.63561643835617,)(1886, 3.654696132596685,98.03867403314918,)(1887, -0.38082191780821917,92.01369863013699,)(1888, -0.06318681318681318,84.22527472527473,)(1889, 20.73972602739726,102.83835616438355,)]
CA008202198, [ (1880, 14.647540983606557,111.0,)(1881, 20.21095890410959,106.93972602739726,)(1882, 14.693370165745856,103.53591160220995,)(1883, 7.86027397260274,103.6986301369863,)(1884, 15.710382513661202,105.35519125683061,)(1885, 16.12876712328767,112.56164383561644,)(1886, 22.92054794520548,116.4904109589041,)(1887, 14.953424657534246,112.9068493150685,)(1888, 11.808743169398907,101.51092896174863,)(1889, 35.37260273972603,125.54520547945205,)]
CA008401125, [ (1880, -107.2396694214876,-0.8,)(1881, -7.678571428571429,None ,)(1882, -19.424657534246574,None ,)(1883, -33.293150684931504,None ,)(1884, -138.8,None ,)]
CE000043497, [ (1880, 237.01381215469613,306.5382513661202,)(1881, 239.47671232876712,302.8493150684931,)(1882, 236.92876712328768,301.3424657534247,)(1883, 233.986301369863,300.2191780821918,)(1884, 233.15300546448088,292.77322404371586,)(1885, 234.4931506849315,290.8109589041096,)(1886, 233.31506849315068,288.6011235955056,)(1887, 230.06849315068493,295.44884488448844,)(1888, 233.30601092896174,304.0464480874317,)(1889, 235.78082191780823,306.6876712328767,)]
EIE00101859, [ (1880, 65.0327868852459,139.19672131147541,)(1881, 61.12181303116147,127.78753541076487,)(1882, 49.23913043478261,98.97826086956522,)(1883, 65.11849710982659,129.71098265895955,)(1884, 72.27123287671233,134.5136612021858,)(1885, 63.85753424657534,130.31506849315068,)(1886, 66.25479452054795,128.55616438356165,)(1887, 65.73972602739725,137.96712328767123,)(1888, 67.7817679558011,133.2258953168044,)(1889, 72.71703296703296,137.3543956043956,)]
RSM00027051, [ (1883, -40.51086956521739,None ,)(1884, -52.84,None ,)]
RSM00028275, [ (1887, -149.8360655737705,None ,)(1888, -51.743169398907106,None ,)(1889, -49.99452054794521,None ,)]
RSM00034110, [ (1889, 0.17796610169491525,83.17796610169492,)]
UK000000000, [ (1880, None ,64.0,)(1881, 48.88767123287671,122.83013698630137,)(1882, 57.915068493150685,131.55616438356165,)(1883, 52.20821917808219,128.3232876712329,)(1884, 59.46174863387978,137.51092896174865,)(1885, 47.46027397260274,124.45753424657535,)(1886, 51.73972602739726,122.87945205479453,)(1887, 42.397260273972606,123.74794520547945,)(1888, 47.76502732240437,117.1775956284153,)(1889, 54.33150684931507,126.22191780821917,)]
USC00035754, [ (1884, 203.66417910447763,299.2631578947368,)(1885, 206.44871794871796,315.716814159292,)(1886, 182.11363636363637,309.2134831460674,)(1887, 181.53521126760563,311.07042253521126,)(1888, 185.86754966887418,308.921568627451,)(1889, 156.71354166666666,270.130890052356,)]
USC00053010, [ (1880, -55.595628415300546,127.71857923497268,)(1881, -39.02465753424657,124.25205479452055,)(1882, -51.3013698630137,133.97527472527472,)(1883, -25.05263157894737,130.8125,)]
USC00064767, [ (1880, 42.4207650273224,156.2295081967213,)(1881, 42.8027397260274,153.1095890410959,)(1882, 36.441095890410956,147.33150684931508,)(1883, 28.487671232876714,145.51232876712328,)(1884, 39.87431693989071,150.3224043715847,)(1885, 31.34246575342466,148.68493150684932,)(1886, 35.76438356164383,148.3972602739726,)(1887, 36.44931506849315,148.23835616438356,)(1888, 28.47814207650273,137.224043715847,)(1889, 53.52054794520548,151.2821917808219,)]
USC00092475, [ (1886, -22.0,289.0,)]
USC00176655, [ (1885, 86.89671361502347,142.33802816901408,)(1886, -6.6490066225165565,41.43046357615894,)]
USC00191820, [ (1885, 30.115068493150684,114.02465753424657,)(1886, 36.184065934065934,110.81868131868131,)(1887, 37.52694610778443,115.1556886227545,)]
USC00196770, [ (1886, 48.90909090909091,168.3262195121951,)(1887, 28.750692520775623,132.81994459833794,)(1889, -30.0,-3.225806451612903,)]
USC00200094, [ (1889, 35.98148148148148,63.7962962962963,)]
USC00253035, [ (1888, -51.653333333333336,102.15131578947368,)(1889, -21.957264957264957,133.0672268907563,)]
USC00264939, [ (1885, 38.83988764044944,180.15168539325842,)(1886, 29.66849315068493,172.7780821917808,)(1887, 15.810958904109588,171.0082191780822,)(1888, 27.866071428571427,176.73511904761904,)(1889, -10.013245033112582,132.28476821192052,)]
USC00275880, [ (1889, 65.59469696969697,176.07142857142858,)]
USC00275997, [ (1887, -25.663716814159294,94.12389380530973,)(1888, -0.7401315789473685,124.875,)(1889, 18.375,141.11337209302326,)]
USC00474966, [ (1880, 42.814207650273225,135.86338797814207,)(1881, 41.323287671232876,133.4904109589041,)(1882, 44.43013698630137,132.72328767123287,)(1883, 16.473972602739725,110.64109589041095,)(1884, 20.349726775956285,109.3224043715847,)(1885, 13.775342465753425,101.23013698630137,)(1886, 25.67945205479452,121.61917808219178,)(1887, 23.660273972602738,123.26301369863013,)(1888, 17.505464480874316,108.7103825136612,)(1889, 36.62739726027397,126.75068493150685,)]
USC00486120, [ (1881, 211.0,44.0,)]
USW00013724, [ (1880, 77.79508196721312,157.9672131147541,)(1881, 79.68767123287671,150.9095890410959,)(1882, 76.27671232876712,149.94520547945206,)(1883, 68.96438356164384,143.73698630136985,)(1884, 76.5327868852459,152.38251366120218,)(1885, 65.78630136986301,145.06575342465754,)(1886, 69.33972602739726,148.01643835616437,)(1887, 75.58356164383562,150.2986301369863,)(1888, 65.17213114754098,143.77868852459017,)(1889, 80.64657534246575,146.2219178082192,)]
