AGE00147709, [ (1884, 95.11748633879782,189.33018867924528,)(1885, 97.69041095890411,197.72754491017963,)(1886, 96.87671232876713,182.85555555555555,)(1887, 96.2958904109589,183.53424657534248,)(1888, 97.2967032967033,176.82967032967034,)(1889, 90.91445427728614,174.68208092485548,)]
AGE00147715, [ (1886, 99.94444444444444,227.25,)(1887, 113.0,266.73366834170855,)(1888, 93.30113636363636,238.87921348314606,)(1889, 88.6687306501548,237.90273556231003,)]
ASN00048013, [ (1880, 123.73546511627907,283.2093023255814,)(1881, 139.91242937853107,273.59322033898303,)(1882, 146.96438356164384,278.4547945205479,)(1883, 145.31666666666666,288.65277777777777,)(1884, 149.28142076502732,288.3169398907104,)(1885, 132.01373626373626,297.6732394366197,)(1886, 127.03835616438356,289.9972602739726,)(1887, 126.83013698630137,272.827397260274,)(1888, 124.42349726775956,306.827868852459,)(1889, 138.62739726027397,293.4739726027397,)]
ASN00063004, [ (1880, 64.68939393939394,202.01520912547528,)(1881, 61.52290076335878,202.04961832061068,)(1882, 66.51937984496124,210.22779922779924,)(1883, 58.86821705426357,203.09652509652508,)(1884, 62.44615384615385,216.15,)(1885, 62.130434782608695,219.4496124031008,)(1886, 66.74524714828897,211.35361216730038,)(1887, 70.53076923076924,198.77692307692308,)(1888, 55.08880308880309,228.84942084942085,)(1889, 71.66153846153846,223.46153846153845,)]
ASN00072151, [ (1880, 90.6412213740458,241.63846153846154,)(1881, 89.10526315789474,225.0,)(1882, 63.44656488549618,228.23282442748092,)(1883, 49.28957528957529,227.58687258687257,)(1884, 74.73817034700315,241.02523659305993,)(1885, 80.72757475083057,240.53177257525084,)(1886, 83.14285714285714,218.99293286219083,)(1887, 69.52631578947368,232.8345864661654,)(1888, 48.475095785440615,255.81992337164752,)(1889, 93.14606741573034,249.98876404494382,)]
ASN00086071, [ (1880, 99.3415300546448,194.05191256830602,)(1881, 95.26575342465753,194.9150684931507,)(1882, 95.13424657534246,198.4849315068493,)(1883, 97.67123287671232,199.92054794520547,)(1884, 92.66939890710383,192.9016393442623,)(1885, 95.03835616438356,189.72602739726028,)(1886, 90.45753424657535,191.16712328767125,)(1887, 99.77260273972603,190.45753424657534,)(1888, 92.98907103825137,192.77868852459017,)(1889, 99.66027397260274,195.3095890410959,)]
CA001090660, [ (1888, -22.35223880597015,110.15625,)(1889, -21.29639889196676,80.1606648199446,)]
CA005010977, [ (1889, -45.23835616438356,83.82465753424657,)]
CA005012279, [ (1886, -31.484662576687118,115.3689024390244,)(1887, -128.82165605095543,67.60915492957747,)(1888, -48.95505617977528,64.88764044943821,)(1889, -11.343971631205674,124.69675090252707,)]
CA005012540, [ (1885, -10.889795918367346,133.3045267489712,)(1886, -60.68956043956044,94.63013698630137,)(1887, -68.47123287671234,77.0989010989011,)(1888, -63.49726775956284,78.03551912568307,)(1889, -42.52054794520548,108.9013698630137,)]
CA006092915, [ (1882, -104.16071428571429,-16.767857142857142,)]
CA006118187, [ (1888, 48.00483091787439,149.47846889952154,)(1889, -6.968652037617555,94.96865203761756,)]
CA006137147, [ (1885, -12.209302325581396,69.23529411764706,)(1886, 16.284122562674096,129.47353760445682,)(1887, 17.754820936639117,132.54820936639118,)(1888, 6.549180327868853,121.8360655737705,)(1889, 24.052054794520547,138.0082191780822,)]
CA006137735, [ (1880, 25.694267515923567,138.34076433121018,)(1881, 23.910543130990416,137.1597444089457,)(1882, 24.883870967741935,129.33225806451614,)(1883, 8.968152866242038,119.56687898089172,)(1884, 14.041533546325878,126.98722044728434,)(1885, 4.779552715654952,108.78594249201278,)(1886, 18.361022364217252,118.03833865814697,)(1887, 19.30031948881789,124.6964856230032,)(1888, -123.8125,-27.395833333333332,)]
CA006141095, [ (1880, -1.6133333333333333,124.01944444444445,)(1881, 18.728021978021978,129.1046831955923,)(1882, 17.38150289017341,119.92173913043479,)(1883, -5.837988826815643,103.12813370473538,)(1884, 1.129120879120879,118.90934065934066,)(1885, 13.86,131.32,)(1886, 6.345505617977528,120.35028248587571,)(1887, 6.583333333333333,126.91944444444445,)(1888, 0.7837078651685393,113.7247191011236,)(1889, 16.911428571428573,120.76790830945559,)]
CA006144470, [ (1880, 24.25824175824176,116.28333333333333,)(1881, 26.058282208588956,134.52147239263803,)(1882, 19.73860182370821,124.78353658536585,)(1883, 0.6646884272997032,112.87761194029851,)(1884, -0.08256880733944955,117.4329268292683,)(1885, -6.305882352941176,105.81231671554252,)(1886, -6.609427609427609,102.13898305084746,)(1887, 1.1628664495114007,108.9640522875817,)(1888, -9.537267080745341,99.6269592476489,)(1889, -7.315789473684211,94.55263157894737,)]
CA006148100, [ (1880, 15.829608938547485,119.49162011173185,)(1881, 13.808219178082192,129.16438356164383,)(1882, 5.047197640117994,108.42182890855457,)(1883, -5.742465753424658,104.17260273972603,)(1884, 3.9972602739726026,114.6027397260274,)(1885, -7.5917808219178085,98.1945205479452,)(1886, 8.073972602739726,111.4904109589041,)(1887, 3.451523545706371,115.42382271468144,)(1888, -1.5867768595041323,105.58126721763085,)]
CA006164297, [ (1880, 32.268595041322314,None ,)(1881, 13.901360544217686,None ,)(1882, 10.002898550724638,None ,)(1883, -17.370588235294118,155.65437788018434,)(1884, -6.307926829268292,153.27678571428572,)(1885, -26.06687898089172,100.6118881118881,)(1886, -22.510135135135137,129.48598130841123,)(1887, -21.567307692307693,84.54304635761589,)(1888, -17.842261904761905,94.24404761904762,)(1889, 14.424242424242424,114.32782369146005,)]
CYE00100074, [ (1881, 138.73793103448276,275.9597315436242,)(1882, 84.61581920903954,220.86524822695034,)(1883, 67.87037037037037,262.36164383561646,)(1884, 97.44267515923566,266.1878453038674,)(1885, 119.03370786516854,274.87772925764193,)(1886, 108.99178082191781,274.6868131868132,)(1887, 118.9041095890411,262.6191780821918,)(1888, 124.93169398907104,257.57923497267757,)(1889, 135.24786324786325,263.0412087912088,)]
GG000037545, [ (1881, 73.63287671232877,None ,)(1882, 79.6556886227545,None ,)(1883, 75.44383561643835,None ,)(1884, 71.19672131147541,None ,)(1885, 74.16164383561645,None ,)(1886, 72.37808219178082,None ,)(1887, 77.95616438356164,None ,)(1888, 77.92349726775956,215.1413043478261,)(1889, 92.7185628742515,200.03892215568862,)]
GM000004063, [ (1880, 42.65846994535519,127.47267759562841,)(1881, 37.88493150684931,118.67671232876712,)(1882, 44.10526315789474,131.51246537396122,)(1883, 43.945205479452056,130.586301369863,)(1884, 46.41803278688525,136.42896174863387,)(1885, 40.59452054794521,135.4794520547945,)(1886, 46.71506849315068,139.73150684931508,)(1887, 29.6,123.26027397260275,)(1888, 34.45628415300546,122.5464480874317,)(1889, 39.16986301369863,125.58082191780822,)]
GM000004204, [ (1880, 33.63661202185792,149.81967213114754,)(1881, 24.578082191780823,130.9041095890411,)(1882, 43.25479452054795,141.05479452054794,)(1883, 36.85205479452055,134.2931506849315,)(1884, 41.45355191256831,140.35245901639345,)(1885, 31.421917808219177,132.4986301369863,)(1886, 33.676712328767124,138.3945205479452,)(1887, 25.56986301369863,123.42191780821918,)(1888, 29.453551912568305,127.34699453551913,)(1889, 34.49315068493151,129.04383561643834,)]
GME00121258, [ (1888, -10.229508196721312,49.0655737704918,)(1889, 42.26849315068493,125.75616438356164,)]
HR000142360, [ (1881, 62.33698630136986,139.58356164383562,)(1882, 74.46849315068494,159.6054794520548,)(1883, 64.2904109589041,143.77534246575343,)(1884, 68.77595628415301,149.39617486338798,)(1885, 75.21917808219177,156.75890410958905,)(1886, 71.19658119658119,149.2193732193732,)(1887, 65.84383561643835,146.3123287671233,)(1888, 58.73497267759563,139.34426229508196,)(1889, 67.40547945205479,138.34246575342465,)]
RSM00032071, [ (1886, -64.2051282051282,None ,)(1887, -69.23988439306359,None ,)(1888, -63.986149584487535,None ,)(1889, -81.04347826086956,None ,)]
TX000038895, [ (1889, 48.888888888888886,None ,)]
USC00171100, [ (1888, 30.797385620915033,117.51633986928104,)(1889, 35.8644578313253,133.11854103343464,)]
USC00172426, [ (1889, 63.0,124.8,)]
USC00176902, [ (1880, 48.833333333333336,135.327868852459,)(1881, 51.01917808219178,131.18082191780823,)(1882, 47.221917808219175,131.46301369863014,)(1883, 33.989041095890414,125.42191780821918,)(1884, 44.61748633879781,130.39890710382514,)(1885, 30.627397260273973,121.64931506849315,)(1886, 26.616438356164384,111.9041095890411,)(1887, 26.54794520547945,110.62739726027397,)(1888, 19.030054644808743,101.08743169398907,)(1889, 42.66849315068493,119.59178082191781,)]
USC00191650, [ (1885, 46.49589041095891,129.13424657534247,)(1886, 49.05234159779614,129.5702479338843,)(1887, 46.43013698630137,128.91232876712328,)(1888, 40.64754098360656,121.57103825136612,)(1889, 61.66301369863014,135.62465753424658,)]
USC00200146, [ (1887, 48.49065420560748,176.39252336448598,)(1888, -0.07923497267759563,124.5,)(1889, -13.750915750915752,118.63157894736842,)]
USC00260770, [ (1889, 64.21632653061225,178.37551020408162,)]
USC00262030, [ (1888, None ,-140.16666666666666,)]
USC00262708, [ (1888, 78.98897058823529,218.5970695970696,)(1889, 8.494011976047904,175.83880597014925,)]
USC00279307, [ (1886, -21.58,122.93288590604027,)(1887, -2.646067415730337,111.61148648648648,)(1889, -12.453038674033149,127.11602209944752,)]
USC00298072, [ (1880, -3.278688524590164,149.8224043715847,)(1881, 41.410828025477706,173.97452229299364,)(1882, 32.950413223140494,163.7123287671233,)(1883, 3.915151515151515,128.35151515151514,)(1884, -59.14705882352941,53.41935483870968,)(1885, 30.663013698630138,154.85479452054796,)(1886, 31.643835616438356,153.91232876712328,)(1887, 35.277472527472526,160.9945205479452,)(1888, 37.73770491803279,159.2054794520548,)(1889, 37.463013698630135,159.9972602739726,)]
USC00301207, [ (1888, -72.57777777777778,116.05405405405405,)]
USC00319462, [ (1880, 127.06284153005464,228.24043715846994,)(1881, 135.70958904109588,224.36712328767123,)(1882, 136.21917808219177,221.1917808219178,)(1883, 133.56986301369864,225.17808219178082,)(1884, 136.15027322404373,229.79781420765028,)(1885, 123.69589041095891,220.62739726027397,)(1886, 115.44109589041096,221.86027397260273,)(1887, 117.25205479452055,219.88219178082193,)(1888, 122.5,217.54644808743168,)(1889, 127.9013698630137,216.013698630137,)]
USC00343300, [ (1880, 94.19398907103825,219.29234972677597,)(1881, 107.58630136986301,231.2869318181818,)(1882, 100.11538461538461,224.8131868131868,)(1883, 93.0702479338843,223.34297520661158,)(1884, 118.97282608695652,250.34782608695653,)(1885, 70.64931506849315,215.25479452054793,)(1886, 94.83561643835617,227.3890410958904,)(1887, 97.69315068493151,227.2958904109589,)(1888, 86.22527472527473,216.1346153846154,)(1889, 94.33424657534246,220.5013698630137,)]
USC00354670, [ (1887, 30.09090909090909,183.9878787878788,)(1888, -12.547619047619047,125.51968503937007,)]
USC00456109, [ (1880, 43.648648648648646,137.95810055865923,)(1881, 53.09880239520958,138.45209580838323,)(1882, 50.536986301369865,141.75616438356164,)(1883, 52.397260273972606,146.74246575342465,)(1884, 53.53551912568306,150.35792349726776,)(1885, 59.084931506849315,168.36438356164385,)(1886, 53.704109589041096,155.4931506849315,)(1887, 47.15890410958904,144.1205479452055,)(1888, 55.885245901639344,157.47540983606558,)(1889, 54.49315068493151,165.16164383561645,)]
USC00466207, [ (1880, 80.82222222222222,176.125,)(1881, 80.30958904109589,174.22465753424657,)(1882, 75.83287671232877,166.23561643835617,)(1883, -21.355555555555554,77.16666666666667,)]
USW00013872, [ (1880, 15.403846153846153,116.11320754716981,)(1887, 79.34979423868313,184.89711934156378,)(1889, 73.39944134078212,190.60055865921788,)]
USW00014838, [ (1880, 4.912568306010929,105.44262295081967,)(1881, 2.5835616438356164,79.5041095890411,)(1882, 14.95068493150685,106.53892215568862,)(1883, -32.83287671232877,82.01369863013699,)(1884, -97.74590163934427,9.073770491803279,)(1885, 14.065573770491802,108.99346405228758,)(1886, -0.810958904109589,97.94246575342466,)(1887, 9.625748502994012,103.06586826347305,)(1888, -10.327868852459016,75.5792349726776,)(1889, 13.389041095890411,96.01095890410959,)]
